15	0	6
101	0	4
107	0	9
123	0	1
134	0	7
137	0	1
194	0	2
62	1	3
71	1	3
86	1	1
113	1	1
169	1	4
171	1	10
192	1	7
206	1	6
224	1	2
225	1	1
247	1	27
7	2	1
10	2	4
49	2	1
64	2	3
90	2	6
97	2	4
100	2	1
105	2	1
171	2	3
1	3	48
52	3	5
66	3	1
86	3	3
89	3	6
98	3	3
101	3	4
107	3	1
108	3	2
118	3	4
136	3	6
148	3	1
203	3	3
8	4	1
104	5	12
109	5	1
8	6	1
57	6	1
59	6	1
98	6	12
133	6	2
1	7	1
66	7	7
202	7	2
51	8	2
104	8	2
192	8	5
194	8	3
4	9	1
114	9	4
136	10	1
2	11	48
4	11	3
10	11	2
13	11	1
19	11	5
20	11	5
62	11	2
85	11	25
92	11	1
124	11	7
130	11	5
131	11	1
202	11	2
225	11	3
238	11	2
246	11	27
255	11	1
4	12	4
52	12	1
64	12	8
69	12	1
99	12	12
101	12	7
115	12	4
137	12	2
200	12	3
7	13	1
10	13	10
17	13	7
70	13	2
133	13	1
215	14	1
14	16	2
18	16	2
41	16	1
69	16	6
14	18	5
18	19	1
26	19	2
61	19	1
67	19	1
120	19	1
82	20	1
120	20	1
25	21	3
53	21	9
100	21	2
5	22	12
12	22	10
16	22	11
40	22	3
42	22	1
49	22	3
89	22	1
208	22	1
14	23	1
240	23	2
5	24	1
92	24	1
69	25	4
41	28	1
90	28	1
120	30	1
26	31	3
26	32	1
28	32	8
29	32	14
60	32	3
204	32	1
5	33	3
30	34	10
46	34	1
76	34	1
82	34	1
215	34	1
7	35	3
26	35	2
67	35	1
70	35	4
240	35	1
51	36	1
29	37	3
26	38	1
91	38	3
62	40	1
70	40	1
82	40	1
124	41	1
205	41	3
5	42	5
12	42	7
31	42	3
33	42	1
86	42	1
16	43	10
25	43	9
28	43	10
33	43	4
37	43	9
40	43	10
42	43	7
50	43	11
59	43	10
63	43	5
73	43	3
74	43	3
86	43	3
88	43	9
96	43	29
103	43	4
129	43	4
132	43	5
151	43	15
152	43	15
153	43	15
159	43	29
161	43	29
162	43	29
165	43	29
166	43	29
167	43	22
168	43	22
176	43	14
177	43	10
191	43	22
206	43	7
213	43	5
220	43	8
231	43	22
248	43	8
261	43	18
266	43	18
267	43	25
268	43	25
271	43	15
274	43	29
279	43	18
280	43	18
282	43	8
284	43	1
287	43	1
289	43	1
291	43	1
30	44	3
49	44	1
56	44	7
5	45	9
12	45	10
18	45	4
30	45	3
17	46	2
40	46	1
65	46	1
89	46	2
131	46	1
12	47	10
30	47	1
51	47	1
66	47	2
89	47	5
129	47	1
208	47	1
213	47	1
30	48	2
35	48	1
40	48	1
53	48	4
28	49	1
37	49	1
65	49	1
17	50	2
25	50	1
53	50	4
55	50	1
69	50	2
86	51	1
53	54	2
58	54	3
61	54	6
70	54	6
224	55	1
58	57	1
89	57	2
18	58	5
31	58	8
56	58	1
88	59	4
95	59	1
56	60	3
61	62	4
66	62	2
61	63	2
103	63	5
82	64	4
30	65	3
57	67	5
65	67	1
62	70	1
94	71	1
111	71	4
136	71	1
6	72	1
17	72	3
129	72	2
17	73	4
19	73	4
75	73	2
210	73	6
217	73	2
235	73	1
17	74	4
20	74	1
105	74	2
217	74	1
5	76	20
12	76	6
20	76	2
89	76	1
90	76	3
100	76	2
131	76	1
234	76	1
52	77	1
92	77	2
124	77	2
205	77	1
171	78	1
62	80	1
57	81	1
0	83	3
15	83	1
64	83	2
115	83	6
118	83	1
122	83	1
129	83	2
136	83	1
171	83	9
198	83	1
201	83	5
212	83	1
107	84	5
217	84	1
234	84	2
41	85	3
51	85	1
68	85	1
86	85	1
100	85	5
105	85	4
110	85	7
117	85	1
120	85	2
129	85	5
197	85	2
204	85	16
141	86	1
68	87	1
68	88	1
104	88	1
122	88	1
118	89	2
238	89	2
58	90	1
70	92	4
70	93	1
124	95	5
126	95	1
171	95	4
205	95	1
95	96	1
166	96	1
194	96	4
250	96	1
252	96	4
41	97	2
66	97	1
100	97	4
122	97	2
183	97	1
203	97	7
224	97	1
225	97	1
51	98	5
104	98	3
133	98	1
119	99	8
92	100	1
112	100	1
202	100	1
9	101	13
190	101	2
104	102	3
109	102	2
115	102	1
138	102	1
197	102	3
101	103	7
122	103	1
148	103	1
86	105	1
108	105	1
121	105	1
104	106	2
114	106	12
127	106	11
134	106	6
58	107	4
106	107	6
138	107	7
190	107	1
120	108	3
190	108	2
138	109	2
190	109	2
108	110	1
194	110	2
33	111	1
107	111	3
109	111	1
197	111	2
221	111	5
101	112	4
115	112	7
13	113	5
101	113	7
123	113	3
128	113	2
146	113	1
192	113	3
194	113	5
209	113	1
238	113	1
112	114	6
120	114	1
126	114	3
15	115	2
141	115	2
2	116	1
15	116	1
108	116	5
118	116	3
120	116	5
148	116	1
171	116	6
183	116	1
190	116	3
197	116	1
200	116	1
223	116	10
254	116	1
256	116	1
260	116	4
15	117	4
115	117	4
116	117	4
122	117	1
128	117	14
169	117	2
200	117	1
202	117	2
203	117	6
215	117	1
225	117	1
227	117	1
256	117	1
97	118	1
129	118	1
141	119	1
107	121	2
114	121	4
146	121	11
148	122	2
198	122	5
214	122	1
227	122	1
135	123	2
97	124	2
110	124	5
256	124	6
207	125	5
114	127	2
19	129	2
71	129	5
105	129	5
113	129	1
130	129	5
103	130	3
132	130	9
89	131	3
100	131	3
132	131	1
214	131	2
101	134	1
138	134	1
142	134	2
207	134	4
171	136	4
223	136	1
227	136	2
228	136	2
246	136	3
247	136	3
257	136	5
123	137	2
134	137	4
114	138	3
112	139	10
92	140	1
83	141	1
94	141	9
145	141	1
198	141	2
281	141	1
198	144	1
201	144	2
149	145	2
141	147	2
140	148	4
116	150	1
117	150	1
1	151	4
11	151	4
83	151	2
85	151	2
117	151	2
1	152	9
229	153	1
11	154	2
83	154	2
11	155	2
83	155	2
85	155	2
116	155	1
167	155	1
11	156	4
83	156	1
85	156	1
116	156	1
191	156	1
11	157	2
1	158	4
2	158	12
11	158	4
117	158	3
150	158	1
218	158	2
1	159	4
1	160	9
11	160	9
117	160	6
1	161	12
2	161	1
156	161	1
11	162	9
85	162	1
117	162	3
161	162	1
1	163	2
11	163	2
162	163	1
271	163	1
11	164	7
11	165	14
116	165	1
164	165	1
117	166	1
165	166	1
249	166	1
258	166	6
11	167	3
11	168	2
171	168	3
11	169	10
116	169	7
171	169	1
257	169	1
201	170	1
41	171	2
94	171	2
176	171	3
205	171	6
215	171	2
246	171	28
256	171	3
258	171	8
260	171	1
11	172	1
41	172	1
116	172	3
117	172	3
141	172	1
186	172	5
118	173	1
1	174	10
83	174	1
85	174	1
1	175	14
174	175	1
175	176	2
253	176	1
255	176	1
258	176	1
1	177	3
11	177	3
117	177	1
172	177	1
195	177	1
236	177	1
3	178	5
177	178	1
3	179	1
11	179	4
1	180	6
11	180	6
116	180	1
1	181	4
3	181	1
190	181	1
124	183	1
2	185	17
116	185	6
141	185	3
190	185	3
83	186	1
85	186	1
110	186	5
147	186	1
202	186	4
244	186	1
83	187	1
3	188	1
85	188	1
154	188	18
167	188	1
178	188	2
203	188	2
206	188	2
231	188	9
244	188	1
24	189	1
79	189	1
85	189	6
93	189	1
173	189	1
184	189	4
185	189	1
194	189	5
202	189	3
203	189	2
217	189	5
246	189	1
247	189	1
295	189	1
102	190	1
112	190	3
259	190	2
124	191	7
136	191	1
243	192	2
282	192	2
183	193	1
243	194	1
282	194	2
3	196	1
178	196	3
229	196	9
148	198	1
149	198	2
197	198	5
203	198	1
206	198	1
282	198	1
132	199	2
147	199	1
150	199	1
159	199	1
177	199	1
122	200	1
171	200	3
97	201	5
122	201	11
227	201	3
282	201	1
200	202	2
193	203	4
249	203	1
118	204	2
94	206	7
97	206	8
224	206	1
19	208	1
74	208	3
129	209	2
192	209	4
210	209	2
129	210	12
234	210	3
66	211	1
131	211	6
136	211	1
47	212	1
194	212	7
209	212	1
213	212	1
132	213	2
192	213	2
194	213	2
238	213	1
148	214	1
184	216	1
217	216	1
184	217	22
192	217	1
178	218	18
195	218	8
203	218	2
244	218	2
171	219	2
203	219	3
166	220	1
203	220	1
283	220	1
111	222	3
128	223	2
203	224	4
193	225	1
201	225	3
152	226	16
164	226	1
166	226	23
201	226	1
227	228	11
156	230	2
160	230	6
180	230	3
191	230	1
232	230	1
237	230	2
244	230	2
171	231	4
160	232	3
167	232	4
179	232	8
202	232	1
261	232	15
283	232	1
157	233	2
167	233	22
168	233	1
191	233	9
141	237	5
206	237	2
244	237	1
94	239	6
94	240	1
141	243	5
206	244	1
170	245	1
151	248	16
276	248	1
283	248	1
255	251	3
136	252	2
171	252	4
136	253	2
171	253	1
227	254	5
206	255	3
254	256	2
258	257	1
171	261	1
171	262	4
124	263	1
171	263	1
124	264	5
171	265	3
124	266	2
171	266	2
163	267	1
273	267	16
277	267	7
167	268	7
168	268	9
187	268	3
269	268	2
274	268	1
168	269	1
244	270	5
269	270	16
283	270	1
163	272	23
168	272	7
252	272	1
277	272	22
283	272	1
167	274	9
180	274	8
181	274	8
263	274	15
162	275	1
187	275	8
244	275	10
264	275	15
265	275	15
266	275	6
168	276	9
266	276	15
277	276	4
279	276	6
187	278	1
243	282	3
244	282	1
15	1	4
100	1	1
107	2	4
30	3	1
81	3	2
108	5	2
110	5	2
136	5	2
62	7	5
194	7	2
1	11	6
94	11	5
62	12	1
75	13	1
14	17	6
16	21	7
8	23	4
57	23	4
37	32	4
5	34	8
49	34	4
90	34	4
60	43	6
131	43	4
209	43	4
275	43	29
281	43	4
5	47	14
37	48	2
49	51	1
56	57	1
208	72	2
90	77	1
60	81	1
100	83	4
202	85	6
175	96	8
255	97	1
136	98	1
15	112	5
0	114	2
15	114	3
115	116	2
176	124	2
247	124	28
19	131	1
102	136	4
106	138	3
143	144	14
217	144	1
228	144	2
283	144	1
229	150	1
3	154	1
116	158	3
3	159	6
117	159	2
117	165	1
204	171	1
85	179	1
178	179	1
141	180	1
1	182	2
11	182	2
170	184	2
229	188	22
223	189	3
242	189	1
149	190	1
224	190	4
158	199	1
217	202	1
203	206	9
235	211	3
129	212	2
96	226	1
231	233	7
236	237	1
141	244	3
206	251	2
244	251	1
151	267	2
244	274	4
282	275	2
