107	0	9
112	0	11
123	0	1
134	0	7
135	0	1
139	0	3
140	0	3
192	0	1
240	0	2
19	1	6
20	1	3
62	1	3
86	1	1
88	1	1
97	1	2
108	1	5
110	1	2
113	1	1
120	1	2
128	1	18
169	1	4
192	1	7
200	1	3
202	1	2
206	1	6
223	1	4
224	1	2
225	1	1
238	1	3
254	1	6
4	2	4
7	2	1
49	2	1
57	2	5
62	2	1
81	2	2
89	2	8
90	2	6
91	2	2
92	2	2
97	2	4
105	2	1
110	2	1
113	2	1
171	2	3
212	2	2
215	2	1
223	2	3
238	2	1
1	3	48
7	3	2
14	3	3
51	3	1
66	3	1
75	3	3
86	3	3
89	3	6
101	3	4
108	3	2
118	3	4
124	3	1
136	3	6
148	3	1
206	3	3
212	3	1
225	3	1
58	4	1
126	4	3
200	4	2
6	5	2
51	5	4
58	5	9
90	5	1
104	5	12
106	5	4
134	5	1
200	5	2
208	5	2
30	6	10
57	6	1
59	6	1
81	6	1
89	6	6
98	6	12
129	6	1
4	7	9
64	7	2
202	7	2
51	8	2
62	8	6
66	8	4
104	8	2
110	8	1
192	8	5
0	9	1
4	9	1
114	9	4
125	9	7
134	9	12
4	10	1
53	10	1
64	10	7
99	10	3
102	10	1
0	11	2
2	11	48
4	11	3
10	11	2
13	11	1
19	11	5
66	11	5
85	11	25
90	11	1
92	11	1
110	11	1
124	11	7
128	11	13
129	11	2
130	11	5
131	11	1
183	11	3
192	11	5
193	11	7
200	11	5
254	11	9
257	11	1
9	12	5
13	12	3
52	12	1
64	12	8
69	12	1
101	12	7
115	12	4
9	13	5
17	13	7
52	13	2
53	13	1
58	13	5
70	13	2
89	13	3
133	13	1
192	13	1
89	14	2
215	14	1
11	15	3
14	16	2
62	17	2
14	18	5
61	18	8
57	19	4
61	19	1
64	19	1
67	19	1
70	19	1
120	19	1
14	20	4
54	20	1
56	20	1
68	20	1
70	20	3
82	20	1
120	20	1
238	20	1
53	21	9
55	21	3
58	21	5
69	21	11
70	21	2
40	22	3
42	22	1
47	22	1
49	22	3
52	22	4
57	22	1
67	22	3
81	22	2
90	22	1
208	22	1
14	23	1
240	23	2
5	24	1
14	24	2
82	24	1
92	24	1
208	24	2
69	25	4
5	26	1
89	26	1
26	27	1
109	27	1
149	27	2
31	28	1
26	29	1
66	30	2
89	30	1
120	30	1
210	30	1
26	31	3
29	31	3
51	31	1
65	31	7
28	32	8
41	32	3
44	32	7
51	32	3
56	32	12
58	32	5
60	32	3
204	32	1
12	33	3
12	34	6
30	34	10
54	34	4
76	34	1
7	35	3
26	35	2
67	35	1
235	35	1
240	35	1
26	36	2
68	36	1
212	36	1
26	38	1
58	38	1
91	38	3
126	38	1
144	38	1
148	38	2
149	38	1
224	38	1
53	39	7
55	39	2
70	40	1
82	40	1
124	41	1
170	41	2
183	41	1
205	41	3
216	41	2
5	42	5
12	42	7
31	42	3
37	42	1
49	42	1
70	42	3
75	42	5
86	42	1
92	42	4
16	43	10
25	43	9
28	43	10
35	43	7
37	43	9
39	43	4
40	43	10
42	43	7
50	43	11
59	43	10
73	43	3
74	43	3
76	43	2
92	43	5
95	43	1
96	43	29
103	43	4
111	43	4
129	43	4
132	43	5
141	43	24
150	43	1
151	43	15
153	43	15
155	43	15
156	43	15
158	43	10
159	43	29
163	43	29
164	43	29
167	43	22
168	43	22
177	43	10
178	43	31
180	43	10
181	43	10
186	43	6
187	43	10
191	43	22
196	43	8
198	43	2
203	43	7
206	43	7
213	43	5
218	43	29
236	43	23
237	43	10
244	43	8
261	43	18
262	43	18
264	43	18
266	43	18
267	43	25
268	43	25
274	43	29
277	43	22
278	43	10
280	43	18
282	43	8
285	43	1
288	43	1
290	43	1
293	43	1
30	44	3
41	44	1
49	44	1
57	44	5
12	45	10
18	45	4
44	45	8
60	45	1
86	45	4
208	45	1
12	46	11
30	46	3
40	46	1
61	46	3
62	46	2
65	46	1
89	46	2
12	47	10
23	47	1
30	47	1
40	47	3
68	47	1
86	47	3
89	47	5
129	47	1
25	48	1
29	48	2
30	48	2
31	48	1
56	48	2
58	48	1
28	49	1
37	49	1
57	49	1
17	50	2
29	50	3
55	50	1
65	50	2
69	50	2
29	51	1
68	51	7
86	51	1
104	51	1
21	54	2
53	54	2
58	54	3
61	54	6
70	55	2
224	55	1
30	57	8
58	57	1
66	57	1
239	57	1
6	58	5
29	58	4
31	58	8
52	58	1
62	58	2
194	58	1
56	59	1
84	59	3
95	59	1
56	60	3
57	60	1
94	60	1
25	63	2
58	63	1
65	63	1
103	63	5
208	63	1
92	64	1
102	64	5
30	65	3
58	65	6
1	66	2
65	66	2
94	66	1
32	67	2
57	67	5
65	67	1
57	68	3
18	69	2
58	70	1
215	70	3
0	71	2
5	71	1
94	71	1
111	71	4
136	71	1
212	71	1
221	71	3
5	72	7
17	72	3
19	72	3
89	72	1
0	73	1
5	73	11
19	73	4
33	73	1
76	73	4
129	73	3
210	73	6
217	73	2
235	73	1
5	74	11
12	74	20
13	74	2
17	74	4
30	74	3
52	74	4
72	74	3
89	74	1
105	74	2
12	76	6
20	76	2
89	76	1
90	76	3
100	76	2
131	76	1
235	76	1
52	77	1
205	77	1
45	78	1
67	78	2
171	78	1
62	80	1
57	81	1
11	83	2
41	83	4
82	83	1
97	83	4
110	83	3
115	83	6
119	83	1
122	83	1
124	83	4
129	83	2
131	83	2
136	83	1
171	83	9
192	83	1
198	83	1
200	83	4
204	83	1
212	83	1
225	83	4
20	84	1
57	84	1
62	84	1
82	84	1
136	84	2
194	84	1
1	85	2
13	85	1
51	85	1
68	85	1
86	85	1
92	85	2
105	85	4
110	85	7
113	85	3
117	85	1
148	85	2
171	85	6
198	85	8
200	85	5
240	85	4
57	86	1
68	86	1
149	86	2
5	87	1
12	87	1
19	88	2
68	88	1
70	88	1
101	88	4
122	88	1
136	88	3
235	88	1
52	89	1
118	89	2
124	89	2
58	90	1
89	90	1
70	92	4
71	92	1
130	92	1
144	92	1
5	93	1
70	93	1
57	94	1
205	94	4
126	95	1
171	95	4
205	95	1
166	96	1
186	96	2
279	96	15
15	97	2
64	97	2
149	97	1
203	97	7
204	97	2
214	97	2
224	97	1
225	97	1
51	98	5
58	98	1
104	98	3
133	98	1
115	99	3
92	100	1
99	100	1
112	100	1
7	101	2
9	101	13
99	101	13
190	101	2
7	102	2
99	102	2
104	102	3
109	102	2
122	102	3
138	102	1
197	102	3
92	103	2
136	103	3
222	103	6
58	104	1
66	105	1
86	105	1
104	105	1
108	105	1
121	105	1
98	106	1
104	106	2
123	106	9
134	106	6
8	107	2
58	107	4
104	107	8
106	107	6
141	107	1
190	107	1
86	108	3
120	108	3
104	109	6
190	109	2
197	109	1
104	110	2
108	110	1
104	111	2
136	111	2
197	111	2
221	111	5
137	112	2
144	112	6
27	113	2
71	113	1
92	113	1
107	113	1
114	113	7
119	113	1
120	113	11
121	113	12
134	113	3
141	113	1
146	113	1
238	113	1
112	114	6
120	114	1
15	115	2
141	115	2
190	115	1
11	116	72
86	116	1
118	116	3
120	116	5
141	116	3
148	116	1
171	116	6
190	116	3
197	116	1
223	116	10
254	116	1
255	116	1
256	116	1
1	117	72
10	117	1
15	117	4
66	117	1
97	117	4
108	117	1
115	117	4
122	117	1
148	117	1
149	117	1
200	117	1
202	117	2
203	117	6
206	117	6
215	117	1
219	117	1
223	117	2
225	117	1
227	117	1
256	117	1
41	118	2
86	118	1
97	118	1
105	118	3
129	118	1
148	118	1
169	118	1
190	118	2
206	118	3
190	119	2
27	121	10
107	121	2
108	121	9
120	121	11
147	121	7
214	122	1
227	122	1
228	122	1
9	123	5
112	123	1
120	123	4
121	123	3
142	123	2
97	124	2
116	124	4
120	124	2
200	124	1
223	124	2
224	124	2
225	124	1
254	124	13
256	124	6
257	124	2
114	125	3
207	125	5
139	126	1
114	127	2
138	127	9
0	128	2
66	128	3
171	128	1
19	129	2
71	129	5
105	129	5
107	129	4
110	129	1
113	129	1
130	129	5
136	129	1
141	129	1
204	129	4
217	129	3
0	130	2
132	130	9
89	131	3
100	131	3
113	131	14
132	131	1
190	131	2
214	131	2
101	134	1
138	134	1
142	134	2
101	135	2
101	136	4
124	136	9
128	136	1
170	136	61
171	136	4
228	136	2
240	136	3
246	136	3
257	136	5
260	136	5
9	137	14
114	137	1
123	137	2
135	137	2
142	137	1
114	138	3
148	139	2
207	139	1
112	140	14
115	140	1
139	140	1
190	140	1
94	141	9
145	141	1
198	141	2
260	141	2
283	141	1
140	143	5
97	144	1
110	144	1
122	144	2
198	144	1
227	144	2
149	145	2
190	145	1
145	146	4
118	147	1
145	147	13
202	147	1
212	147	1
225	147	1
2	150	5
11	150	1
83	150	1
117	150	1
124	150	1
1	151	4
11	151	4
83	151	2
85	151	2
116	151	2
117	151	2
252	151	1
116	152	2
117	152	2
176	152	2
252	152	1
1	153	3
2	153	2
11	153	3
229	153	1
11	154	2
85	154	2
1	155	2
116	155	1
167	155	1
11	156	4
83	156	1
85	156	1
116	156	1
117	156	1
190	156	1
11	157	2
83	157	2
85	157	2
191	157	1
1	158	4
2	158	12
11	158	4
150	158	1
11	159	4
186	159	1
1	160	9
2	160	4
3	160	4
152	160	1
1	161	12
2	161	1
116	161	4
117	161	4
160	161	1
83	162	1
116	162	3
117	162	3
157	162	1
161	162	1
190	162	1
1	163	2
11	163	2
162	163	1
1	164	7
151	164	1
163	164	1
11	165	14
116	165	1
152	165	1
176	165	3
194	165	2
225	165	2
227	165	1
11	166	5
41	166	1
116	166	1
117	166	1
165	166	1
176	166	5
258	166	6
2	167	2
3	167	2
124	167	5
136	167	3
1	168	2
124	168	3
171	168	3
11	169	10
116	169	7
171	169	1
176	169	2
257	169	1
11	170	2
201	170	1
217	170	4
41	171	2
110	171	7
117	171	2
118	171	3
176	171	3
206	171	2
215	171	2
225	171	1
260	171	1
2	172	8
41	172	1
116	172	3
132	172	1
186	172	5
118	173	1
186	173	7
83	174	1
85	174	1
1	175	14
11	175	14
116	175	1
117	175	1
174	175	1
253	176	1
255	176	1
258	176	1
2	177	2
116	177	1
172	177	1
236	177	1
11	178	4
117	178	3
132	178	1
177	178	1
1	179	4
11	179	4
83	179	1
11	180	6
1	181	4
3	181	1
116	181	2
141	181	1
190	181	1
283	182	1
124	183	1
41	184	3
171	184	3
198	184	1
116	185	6
83	186	1
85	186	1
89	186	2
110	186	5
144	186	1
147	186	1
171	186	1
206	186	4
244	186	1
85	187	1
181	187	1
2	188	1
3	188	1
85	188	1
154	188	18
160	188	23
167	188	1
178	188	2
203	188	2
206	188	2
232	188	1
244	188	1
24	189	1
78	189	1
80	189	1
83	189	6
85	189	6
87	189	1
93	189	1
110	189	3
170	189	4
173	189	1
194	189	5
202	189	3
206	189	2
212	189	5
216	189	1
217	189	5
225	189	2
246	189	1
294	189	1
106	190	1
112	190	3
141	190	4
144	190	3
259	190	2
116	191	1
117	191	1
136	191	1
171	191	7
117	192	1
144	192	1
147	192	1
282	192	2
116	193	1
117	193	24
183	193	1
147	194	1
192	194	6
243	194	1
282	194	2
3	195	6
132	195	4
2	196	1
132	196	1
153	196	1
158	196	1
159	196	23
177	196	3
178	196	3
231	196	1
244	196	1
97	197	2
110	197	4
204	197	1
227	197	1
118	198	5
147	198	1
148	198	1
197	198	5
206	198	1
243	198	1
282	198	1
122	199	1
132	199	2
144	199	1
147	199	1
150	199	1
229	199	1
244	199	1
281	199	1
102	200	1
122	200	1
136	200	4
97	201	5
204	201	1
227	201	3
243	201	1
282	201	1
122	202	6
225	202	1
94	203	4
118	203	4
141	203	2
193	203	4
118	204	2
121	204	2
141	204	4
147	204	1
149	204	1
203	204	1
212	205	1
216	205	1
94	206	7
169	206	1
224	206	1
19	208	1
74	208	3
105	208	1
19	209	1
129	209	2
131	209	1
84	210	2
131	210	5
136	210	1
234	210	3
66	211	1
131	211	6
136	211	1
8	212	4
89	212	1
192	212	2
209	212	1
71	213	1
192	213	2
62	214	1
112	214	1
148	214	1
92	215	2
214	215	2
170	216	11
212	216	12
217	216	1
8	217	1
41	217	1
66	217	1
89	217	3
184	217	22
192	217	1
209	217	3
213	217	4
147	218	1
177	218	8
178	218	18
195	218	8
199	218	2
203	218	2
206	218	2
244	218	2
281	218	1
171	219	2
203	219	3
165	220	1
176	220	3
203	220	1
283	220	1
103	221	1
66	223	4
100	223	1
128	223	2
203	224	4
193	225	1
152	226	16
166	226	23
175	226	2
198	226	1
252	226	7
225	227	7
225	228	4
227	228	11
155	230	16
156	230	2
160	230	6
167	230	9
179	230	1
180	230	3
206	230	4
231	230	22
232	230	1
237	230	2
171	231	4
160	232	3
167	232	4
231	232	4
244	232	4
261	232	15
262	232	6
283	232	1
156	233	16
161	233	6
167	233	22
180	233	2
86	235	1
188	236	6
196	236	8
190	237	2
203	237	2
206	237	2
281	237	1
94	239	6
141	243	5
190	243	10
283	243	1
170	245	1
184	245	1
246	247	2
152	248	2
175	248	3
252	248	22
276	248	1
283	248	1
176	252	4
136	253	2
171	253	1
228	254	1
169	255	1
183	255	1
206	255	3
254	256	2
171	261	1
124	262	4
124	263	1
124	264	5
171	265	3
124	266	2
245	267	2
252	267	9
273	267	16
276	267	1
277	267	7
283	267	1
157	268	16
161	268	1
167	268	7
168	268	9
187	268	3
191	268	22
244	268	3
168	269	1
162	270	1
187	270	2
269	270	16
271	270	2
277	270	9
163	272	23
168	272	7
245	272	3
252	272	1
271	272	16
277	272	22
277	273	1
161	274	3
167	274	9
181	274	8
191	274	4
262	274	15
263	274	15
264	274	6
162	275	1
163	275	3
168	275	4
191	275	9
244	275	10
266	275	6
283	275	1
168	276	9
174	276	8
266	276	15
277	276	4
280	276	15
244	281	2
243	282	3
100	0	1
15	1	4
13	2	2
107	2	4
30	3	1
70	3	5
81	3	2
223	3	2
108	5	2
136	5	2
62	7	5
122	7	1
194	7	2
1	11	6
137	11	1
223	11	10
62	12	1
14	17	6
15	18	1
67	20	1
16	21	7
39	21	3
239	22	1
8	23	4
57	23	4
62	23	1
31	32	1
37	32	4
5	34	8
49	34	4
147	38	1
39	42	6
90	42	3
60	43	6
131	43	4
175	43	10
209	43	4
233	43	25
243	43	10
265	43	18
275	43	29
281	43	4
22	45	17
52	45	2
57	45	2
5	46	8
5	47	14
49	47	1
60	48	1
61	48	2
68	49	3
49	51	1
56	57	1
194	63	1
61	64	2
15	72	2
208	72	2
211	72	6
81	73	1
17	75	1
90	77	1
60	81	1
202	83	5
205	83	6
223	83	4
119	84	1
197	84	2
108	85	3
202	85	6
57	87	1
175	96	8
136	98	1
62	100	1
207	100	1
119	101	7
207	101	10
8	102	1
134	104	1
109	107	4
225	110	1
15	112	5
100	113	2
0	114	2
115	116	2
225	116	1
197	118	4
222	130	5
19	131	1
71	131	5
212	131	2
41	136	3
102	136	4
106	138	3
118	141	2
283	144	1
153	159	1
124	171	4
202	171	4
204	171	1
1	172	1
117	173	6
219	176	1
116	178	3
178	179	1
141	180	1
179	180	1
1	182	2
136	184	63
170	184	2
97	185	1
229	188	22
242	189	1
149	190	1
224	190	4
2	195	6
237	199	1
190	201	7
203	206	9
129	212	2
190	214	3
96	220	1
62	224	5
215	224	5
96	226	1
41	231	1
206	232	1
236	232	1
231	233	7
274	233	1
7	234	1
236	237	1
206	251	2
244	251	1
228	256	5
171	264	5
244	274	4
278	275	8
