101	0	4
107	0	9
115	0	5
123	0	1
135	0	1
137	0	1
139	0	3
140	0	3
192	0	1
194	0	2
213	0	1
240	0	2
6	1	2
20	1	3
71	1	3
88	1	1
98	1	1
108	1	5
113	1	1
120	1	2
169	1	4
192	1	7
193	1	7
200	1	3
202	1	2
206	1	6
219	1	1
224	1	2
225	1	1
238	1	3
247	1	27
256	1	7
4	2	4
6	2	4
7	2	1
10	2	4
26	2	4
49	2	1
57	2	5
61	2	1
64	2	3
81	2	2
85	2	3
89	2	8
91	2	2
92	2	2
100	2	1
105	2	1
113	2	1
136	2	8
171	2	3
212	2	2
215	2	1
223	2	3
238	2	1
1	3	48
7	3	2
8	3	2
13	3	5
40	3	2
66	3	1
75	3	3
91	3	2
98	3	3
101	3	4
107	3	1
108	3	2
118	3	4
124	3	1
202	3	1
203	3	3
206	3	3
102	4	1
126	4	3
200	4	2
6	5	2
12	5	1
29	5	2
90	5	1
98	5	10
102	5	1
104	5	12
107	5	7
109	5	1
134	5	1
0	6	3
8	6	1
30	6	10
57	6	1
59	6	1
81	6	1
98	6	12
129	6	1
133	6	2
1	7	1
4	7	9
51	8	2
104	8	2
110	8	1
192	8	5
194	8	3
0	9	1
4	9	1
125	9	7
4	10	1
53	10	1
64	10	7
102	10	1
0	11	2
2	11	48
4	11	3
13	11	1
19	11	5
20	11	5
84	11	1
85	11	25
92	11	1
110	11	1
118	11	2
130	11	5
136	11	3
183	11	3
192	11	5
200	11	5
202	11	2
210	11	15
225	11	3
238	11	2
240	11	2
254	11	9
255	11	1
257	11	1
260	11	5
4	12	4
9	12	5
10	12	6
13	12	3
58	12	12
64	12	8
101	12	7
102	12	6
115	12	4
119	12	3
136	12	1
137	12	2
200	12	3
7	13	1
9	13	5
10	13	10
52	13	2
58	13	5
59	13	1
70	13	2
89	13	3
126	13	1
131	13	1
133	13	1
58	14	1
89	14	2
11	15	3
14	16	2
17	16	1
18	16	2
41	16	1
69	16	6
62	17	2
61	18	8
99	18	1
14	19	6
18	19	1
26	19	2
57	19	4
64	19	1
70	19	1
14	20	4
26	20	4
31	20	1
54	20	1
56	20	1
57	20	2
68	20	1
70	20	3
120	20	1
238	20	1
15	21	1
18	21	2
25	21	3
53	21	9
55	21	3
58	21	5
69	21	11
70	21	2
100	21	2
5	22	12
14	22	3
16	22	11
17	22	7
40	22	3
42	22	1
47	22	1
49	22	3
52	22	4
57	22	1
67	22	3
74	22	2
81	22	2
90	22	1
208	22	1
14	23	1
240	23	2
14	24	2
92	24	1
208	24	2
14	25	2
69	25	4
5	26	1
58	26	2
89	26	1
239	26	1
26	27	1
109	27	1
133	27	1
26	28	2
31	28	1
41	28	1
90	28	1
26	29	1
66	30	2
120	30	1
210	30	1
65	31	7
28	32	8
29	32	14
41	32	3
51	32	3
56	32	12
58	32	5
105	32	1
204	32	1
5	33	3
26	33	1
62	33	1
76	33	1
12	34	6
17	34	1
30	34	10
46	34	1
75	34	4
82	34	1
7	35	3
26	35	2
67	35	1
70	35	4
235	35	1
240	35	1
26	36	2
33	36	3
51	36	1
68	36	1
26	38	1
58	38	1
126	38	1
133	38	1
148	38	2
149	38	1
224	38	1
55	39	2
70	39	4
16	40	1
39	40	2
62	40	1
70	40	1
82	40	1
39	41	2
76	41	1
183	41	1
12	42	7
31	42	3
37	42	1
40	42	4
49	42	1
75	42	5
86	42	1
16	43	10
23	43	8
28	43	10
34	43	10
35	43	7
37	43	9
39	43	4
40	43	10
44	43	8
45	43	9
48	43	14
49	43	12
59	43	10
63	43	5
72	43	3
74	43	3
76	43	2
86	43	3
88	43	9
92	43	5
95	43	1
96	43	29
103	43	4
111	43	4
129	43	4
141	43	24
150	43	1
151	43	15
152	43	15
153	43	15
154	43	15
161	43	29
163	43	29
164	43	29
166	43	29
174	43	10
176	43	14
177	43	10
178	43	31
179	43	10
180	43	10
181	43	10
182	43	8
186	43	6
187	43	10
188	43	25
190	43	25
191	43	22
194	43	5
198	43	2
203	43	7
206	43	7
208	43	5
213	43	5
220	43	8
226	43	8
229	43	22
232	43	29
236	43	23
237	43	10
244	43	8
248	43	8
249	43	1
250	43	1
253	43	18
261	43	18
262	43	18
270	43	25
271	43	15
272	43	25
273	43	15
274	43	29
276	43	29
277	43	22
278	43	10
279	43	18
280	43	18
282	43	8
283	43	11
284	43	1
286	43	1
287	43	1
288	43	1
290	43	1
292	43	1
293	43	1
30	44	3
41	44	1
57	44	5
5	45	9
12	45	10
40	45	2
44	45	8
86	45	4
208	45	1
12	46	11
17	46	2
30	46	3
33	46	2
40	46	1
49	46	4
61	46	3
65	46	1
86	46	3
89	46	2
131	46	1
12	47	10
23	47	1
30	47	1
40	47	3
51	47	1
66	47	2
89	47	5
91	47	1
129	47	1
208	47	1
213	47	1
31	48	1
40	48	1
53	48	4
58	48	1
5	49	1
28	49	1
37	49	1
65	49	1
17	50	2
25	50	1
29	50	3
53	50	4
55	50	1
65	50	2
69	50	2
68	51	7
86	51	1
102	51	2
104	51	1
21	54	2
61	54	6
53	55	3
70	55	2
224	55	1
58	57	1
66	57	1
89	57	2
239	57	1
31	58	8
52	58	1
66	58	1
69	58	2
56	59	1
84	59	3
95	59	1
57	60	1
94	60	1
61	62	4
25	63	2
29	63	3
37	63	2
65	63	1
69	63	1
103	63	5
111	63	3
208	63	1
92	64	1
30	65	3
58	65	6
1	66	2
94	66	1
205	66	3
32	67	2
57	67	5
58	67	3
65	67	1
57	68	3
65	68	2
18	69	2
17	70	4
58	70	1
62	70	1
215	70	3
0	71	2
5	71	1
33	71	3
132	71	4
212	71	1
5	72	7
6	72	1
17	72	3
19	72	3
30	72	1
75	72	1
81	72	4
89	72	1
129	72	2
217	72	1
0	73	1
17	73	4
19	73	4
30	73	1
33	73	1
63	73	1
75	73	2
131	73	5
210	73	6
217	73	2
5	74	11
12	74	20
17	74	4
19	74	1
20	74	1
30	74	3
72	74	3
89	74	1
217	74	1
5	76	20
12	76	6
30	76	3
90	76	3
131	76	1
234	76	1
235	76	1
52	77	1
92	77	2
205	77	1
67	78	2
90	78	1
171	78	1
18	79	3
31	80	3
62	80	1
57	81	1
62	82	1
0	83	3
41	83	4
51	83	1
64	83	2
82	83	1
110	83	3
115	83	6
116	83	1
118	83	1
122	83	1
124	83	4
128	83	4
129	83	2
131	83	2
171	83	9
192	83	1
198	83	1
200	83	4
201	83	5
212	83	1
225	83	4
240	83	5
57	84	1
62	84	1
82	84	1
107	84	5
194	84	1
217	84	1
234	84	2
13	85	1
41	85	3
51	85	1
52	85	1
92	85	2
97	85	1
109	85	2
110	85	7
113	85	3
117	85	1
118	85	5
120	85	2
128	85	5
129	85	5
131	85	3
148	85	2
171	85	6
198	85	8
204	85	16
214	85	1
223	85	2
240	85	4
66	86	2
149	86	2
213	86	1
5	87	1
12	87	1
239	87	1
19	88	2
68	88	1
101	88	4
104	88	1
122	88	1
136	88	3
235	88	1
52	89	1
118	89	2
238	89	2
89	90	1
15	91	1
62	92	3
70	92	4
71	92	1
130	92	1
144	92	1
5	93	1
62	93	1
70	93	1
205	94	4
124	95	5
126	95	1
205	95	1
95	96	1
164	96	1
249	96	1
250	96	1
252	96	4
277	96	9
15	97	2
41	97	2
64	97	2
66	97	1
100	97	4
120	97	2
149	97	1
203	97	7
204	97	2
214	97	2
224	97	1
225	97	1
51	98	5
58	98	1
133	98	1
119	99	8
92	100	1
99	100	1
112	100	1
202	100	1
7	101	2
102	101	6
141	101	1
104	102	3
109	102	2
115	102	1
138	102	1
197	102	3
92	103	2
101	103	7
122	103	1
148	103	1
222	103	6
58	104	1
66	105	1
86	105	1
104	105	1
98	106	1
104	106	2
123	106	9
134	106	6
7	107	1
8	107	2
58	107	4
104	107	8
190	107	1
86	108	3
104	108	3
120	108	3
190	108	2
204	108	2
104	109	6
138	109	2
190	109	2
197	109	1
104	110	2
108	110	1
194	110	2
33	111	1
104	111	2
109	111	1
136	111	2
197	111	2
221	111	5
101	112	4
115	112	7
134	112	4
137	112	2
13	113	5
15	113	1
27	113	2
71	113	1
92	113	1
101	113	7
107	113	1
108	113	3
114	113	7
120	113	11
123	113	3
128	113	2
146	113	1
194	113	5
209	113	1
112	114	6
120	114	1
135	114	1
141	115	2
2	116	1
15	116	1
85	116	3
86	116	1
120	116	5
128	116	6
171	116	6
183	116	1
190	116	3
197	116	1
200	116	1
223	116	10
254	116	1
255	116	1
260	116	4
1	117	72
3	117	1
13	117	1
15	117	4
97	117	4
108	117	1
120	117	2
128	117	14
148	117	1
149	117	1
169	117	2
202	117	2
203	117	6
215	117	1
219	117	1
225	117	1
41	118	2
94	118	2
97	118	1
105	118	3
129	118	1
148	118	1
190	118	2
200	118	1
206	118	3
219	118	1
141	119	1
190	119	2
207	119	1
27	121	10
107	121	2
108	121	9
114	121	4
120	121	11
137	121	4
142	121	3
146	121	11
149	121	4
118	122	2
120	122	3
148	122	2
227	122	1
258	122	1
9	123	5
114	123	2
120	123	4
121	123	3
135	123	2
1	124	37
2	124	3
97	124	2
116	124	4
118	124	4
120	124	2
200	124	1
205	124	4
215	124	4
216	124	2
224	124	2
225	124	1
254	124	13
256	124	6
257	124	2
114	125	3
207	125	5
139	126	1
114	127	2
133	127	5
0	128	2
171	128	1
238	128	1
0	129	16
19	129	2
71	129	5
89	129	5
105	129	5
110	129	1
113	129	1
197	129	1
204	129	4
214	129	1
0	130	2
103	130	3
132	130	9
217	130	1
101	131	3
113	131	14
115	131	1
130	131	3
190	131	2
214	131	2
217	131	3
113	132	2
136	132	1
223	132	1
133	134	2
135	134	1
142	134	2
101	135	2
107	136	2
128	136	1
170	136	61
212	136	1
216	136	3
217	136	1
223	136	1
228	136	2
240	136	3
246	136	3
247	136	3
258	136	7
260	136	5
9	137	14
123	137	2
135	137	2
142	137	1
114	138	3
121	138	1
146	138	1
112	139	10
148	139	2
207	139	1
115	140	1
135	140	2
139	140	1
190	140	1
83	141	1
94	141	9
108	141	1
145	141	1
149	141	2
198	141	2
260	141	2
281	141	1
283	141	1
140	143	5
110	144	1
148	144	1
201	144	2
227	144	2
149	145	2
190	145	1
145	146	4
147	146	4
118	147	1
141	147	2
197	147	2
202	147	1
225	147	1
112	148	7
140	148	4
146	149	3
1	150	1
2	150	5
11	150	1
85	150	1
116	150	1
117	150	1
171	150	1
1	151	4
11	151	4
116	151	2
117	151	2
252	151	1
1	152	9
116	152	2
176	152	2
1	153	3
2	153	2
11	153	3
124	153	2
171	153	2
229	153	1
1	154	2
11	154	2
83	154	2
1	155	2
11	155	2
83	155	2
85	155	2
117	155	1
167	155	1
1	156	4
11	156	4
83	156	1
116	156	1
117	156	1
141	156	1
83	157	2
85	157	2
2	158	12
11	158	4
150	158	1
205	158	2
1	159	4
11	159	4
171	159	1
1	160	9
3	160	4
11	160	9
117	160	6
154	160	1
1	161	12
2	161	1
116	161	4
117	161	4
160	161	1
1	162	9
83	162	1
85	162	1
117	162	3
141	162	2
157	162	1
161	162	1
1	163	2
271	163	1
11	164	7
163	164	1
276	164	2
1	165	14
11	165	14
116	165	1
152	165	1
164	165	1
176	165	3
225	165	2
1	166	5
41	166	1
117	166	1
152	166	1
165	166	1
176	166	5
1	167	2
2	167	2
3	167	2
11	167	3
124	167	5
171	167	5
1	168	2
11	168	2
124	168	3
136	168	1
141	168	1
171	168	3
11	169	10
116	169	7
176	169	2
193	169	1
124	170	3
217	170	4
3	171	2
11	171	36
41	171	2
97	171	4
110	171	7
117	171	2
118	171	3
176	171	3
205	171	6
206	171	2
215	171	2
239	171	2
246	171	28
256	171	3
2	172	8
116	172	3
117	172	3
132	172	1
186	172	5
190	172	1
118	173	1
186	173	7
11	174	10
85	174	1
245	174	1
1	175	14
11	175	14
116	175	1
117	175	1
225	175	2
1	176	2
11	176	2
136	176	1
253	176	1
255	176	1
256	176	1
257	176	1
1	177	3
2	177	2
3	177	2
11	177	3
116	177	1
172	177	1
236	177	1
1	178	4
2	178	5
11	178	4
177	178	1
11	179	4
83	179	1
1	180	6
11	180	6
117	180	1
3	181	1
11	181	4
116	181	2
117	181	2
180	181	1
190	181	1
283	182	1
124	183	1
1	184	2
41	184	3
171	184	3
260	184	5
1	185	2
2	185	17
141	185	3
190	185	3
83	186	1
85	186	1
89	186	2
110	186	5
124	186	1
144	186	1
147	186	1
171	186	1
194	186	2
202	186	4
203	186	4
206	186	4
244	186	1
283	186	1
85	187	1
181	187	1
2	188	1
3	188	1
85	188	1
154	188	18
155	188	2
159	188	6
167	188	1
178	188	2
203	188	2
206	188	2
231	188	9
232	188	1
244	188	1
24	189	1
36	189	1
78	189	1
83	189	6
170	189	4
184	189	4
185	189	1
194	189	5
212	189	5
217	189	5
247	189	1
251	189	1
294	189	1
295	189	1
85	190	1
97	190	1
102	190	1
106	190	1
112	190	3
141	190	4
259	190	2
117	191	1
136	191	1
171	191	7
7	192	6
144	192	1
147	192	1
202	192	2
282	192	2
116	193	1
183	193	1
2	194	1
144	194	1
147	194	1
192	194	6
3	195	6
132	195	4
3	196	1
132	196	1
153	196	1
177	196	3
178	196	3
218	196	1
229	196	9
244	196	1
94	197	1
97	197	2
110	197	4
122	197	4
148	197	1
204	197	1
227	197	1
147	198	1
149	198	2
186	198	2
203	198	1
206	198	1
243	198	1
132	199	2
144	199	1
147	199	1
159	199	1
195	199	5
197	199	1
229	199	1
244	199	1
281	199	1
102	200	1
136	200	4
171	200	3
97	201	5
141	201	2
148	201	4
149	201	3
198	201	9
204	201	1
227	201	3
243	201	1
282	201	1
122	202	6
94	203	4
118	203	4
141	203	2
118	204	2
121	204	2
138	204	2
141	204	4
147	204	1
149	204	1
203	204	1
97	205	2
94	206	7
97	206	8
169	206	1
9	207	4
12	208	5
19	208	1
62	208	1
105	208	1
19	209	1
129	209	2
131	209	1
192	209	4
194	209	4
210	209	2
129	210	12
136	210	1
234	210	3
66	211	1
88	211	2
129	211	4
131	211	6
136	211	1
7	212	1
8	212	4
47	212	1
89	212	1
192	212	2
194	212	7
209	212	1
213	212	1
7	213	1
132	213	2
62	214	1
112	214	1
148	214	1
92	215	2
148	215	1
214	215	2
170	216	11
212	216	12
217	216	1
8	217	1
41	217	1
66	217	1
184	217	22
194	217	7
209	217	3
213	217	4
132	218	1
147	218	1
177	218	8
178	218	18
186	218	1
195	218	8
199	218	2
203	218	2
206	218	2
231	218	1
236	218	19
244	218	2
281	218	1
165	220	1
186	220	3
283	220	1
111	222	3
66	223	4
100	223	1
128	223	2
203	224	4
193	225	1
198	225	2
201	225	3
203	225	3
206	225	3
164	226	1
165	226	23
175	226	2
198	226	1
252	226	7
283	226	1
225	227	7
225	228	4
227	228	11
155	230	16
156	230	2
160	230	6
161	230	23
167	230	9
180	230	3
191	230	1
206	230	4
229	230	7
231	230	22
232	230	1
237	230	2
244	230	2
136	231	1
171	231	4
160	232	3
167	232	4
179	232	8
202	232	1
237	232	4
244	232	4
261	232	15
156	233	16
157	233	2
161	233	6
167	233	22
168	233	1
191	233	9
244	233	4
92	234	1
8	235	1
188	236	6
196	236	8
190	237	2
203	237	2
244	237	1
281	237	1
215	238	2
94	239	6
141	243	5
283	243	1
243	244	1
184	245	1
278	245	1
152	248	2
164	248	23
175	248	3
252	248	22
276	248	1
194	249	1
124	252	4
136	252	2
176	252	4
136	253	2
169	254	1
227	254	5
169	255	1
183	255	1
219	255	2
227	256	4
124	261	1
171	261	1
124	262	4
171	262	4
124	263	1
124	264	5
124	265	3
124	266	2
252	267	9
276	267	1
277	267	7
283	267	1
157	268	16
161	268	1
167	268	7
187	268	3
191	268	22
244	268	3
269	268	2
274	268	1
277	268	1
168	269	1
162	270	1
168	270	22
187	270	2
269	270	16
271	270	2
275	270	1
283	270	1
168	271	1
163	272	23
245	272	3
275	272	1
277	272	22
283	272	1
277	273	1
161	274	3
167	274	9
180	274	8
181	274	8
191	274	4
262	274	15
263	274	15
264	274	6
283	274	1
162	275	1
168	275	4
187	275	8
191	275	9
264	275	15
266	275	6
283	275	1
168	276	9
266	276	15
277	276	4
280	276	15
187	278	1
244	281	2
244	282	1
100	0	1
126	0	2
100	1	1
30	2	14
107	2	4
30	3	1
70	3	5
223	3	2
69	4	1
108	5	2
136	5	2
90	6	1
62	7	5
122	7	1
194	7	2
1	11	6
94	11	5
62	12	1
4	13	4
75	13	1
14	15	1
14	17	6
15	18	1
67	20	1
14	21	1
39	21	3
62	23	1
31	32	1
37	32	4
49	34	4
147	38	1
90	42	3
60	43	6
175	43	10
201	43	2
209	43	4
230	43	25
233	43	25
243	43	10
265	43	18
275	43	29
281	43	4
22	45	17
52	45	2
68	46	1
129	46	2
5	47	14
46	47	3
49	47	1
131	47	3
37	48	2
60	48	1
61	48	2
68	49	3
49	51	1
194	63	1
61	64	2
12	72	10
15	72	2
20	72	2
211	72	6
90	77	1
100	83	4
197	84	2
202	85	6
57	87	1
175	96	8
136	98	1
207	100	1
119	101	7
207	101	10
86	102	1
134	104	1
102	107	5
109	107	4
15	112	5
137	113	1
0	114	2
15	114	3
115	116	2
197	118	4
15	119	2
176	124	2
247	124	28
208	130	2
222	130	5
19	131	1
71	131	5
212	131	2
201	132	1
41	136	3
102	136	4
106	138	3
118	141	2
217	144	1
228	144	2
283	144	1
229	150	1
3	154	1
231	154	1
116	158	3
3	159	6
117	159	2
153	159	1
3	161	1
141	163	1
117	165	1
124	171	4
202	171	4
203	171	2
204	171	1
1	172	1
11	173	2
117	173	6
219	176	1
178	179	1
141	180	1
179	180	1
11	182	2
258	183	1
136	184	63
170	184	2
83	188	1
229	188	22
77	189	1
224	190	4
110	192	2
116	192	1
206	193	3
158	199	1
237	199	1
110	200	1
217	202	1
203	206	9
235	211	3
129	212	2
190	214	3
206	220	1
215	224	5
203	230	4
41	231	1
236	232	1
231	233	7
274	233	1
141	244	3
206	251	2
171	264	5
151	267	2
191	270	7
244	274	4
278	275	8
