15	0	6
135	0	1
137	0	1
140	0	3
194	0	2
213	0	1
19	1	6
97	1	2
108	1	5
113	1	1
128	1	18
202	1	2
203	1	6
219	1	1
238	1	3
247	1	27
4	2	4
6	2	4
7	2	1
10	2	4
26	2	4
49	2	1
61	2	1
81	2	2
91	2	2
110	2	1
215	2	1
223	2	3
1	3	48
8	3	2
13	3	5
52	3	5
148	3	1
186	3	1
203	3	3
58	4	1
12	5	1
29	5	2
58	5	9
98	5	10
102	5	1
106	5	4
200	5	2
0	6	3
30	6	10
59	6	1
106	6	4
129	6	1
133	6	2
53	10	1
64	10	7
20	11	5
110	11	1
115	11	2
130	11	5
200	11	5
202	11	2
240	11	2
254	11	9
255	11	1
4	12	4
9	12	5
10	12	6
13	12	3
99	12	12
102	12	6
113	12	1
115	12	4
119	12	3
136	12	1
7	13	1
9	13	5
59	13	1
70	13	2
192	13	1
58	14	1
215	14	1
18	16	2
69	16	6
99	18	1
18	19	1
26	19	2
57	19	4
61	19	1
67	19	1
120	19	1
26	20	4
56	20	1
68	20	1
238	20	1
69	21	11
100	21	2
115	21	1
42	22	1
57	22	1
81	22	2
240	23	2
14	24	2
14	25	2
149	27	2
31	28	1
41	28	1
28	29	6
66	30	2
89	30	1
210	30	1
51	32	3
56	32	12
58	32	5
5	33	3
17	34	1
30	34	10
46	34	1
55	34	1
76	34	1
215	34	1
7	35	3
70	35	4
51	36	1
26	37	1
91	38	3
133	38	1
149	38	1
55	39	2
82	40	1
205	41	3
5	42	5
12	42	7
17	42	1
33	42	1
40	42	4
92	42	4
37	43	9
39	43	4
42	43	7
46	43	11
59	43	10
73	43	3
86	43	3
88	43	9
92	43	5
95	43	1
111	43	4
153	43	15
163	43	29
165	43	29
167	43	22
176	43	14
178	43	31
187	43	10
190	43	25
191	43	22
203	43	7
220	43	8
226	43	8
229	43	22
231	43	22
237	43	10
252	43	22
263	43	18
266	43	18
271	43	15
283	43	11
285	43	1
290	43	1
30	44	3
40	45	2
44	45	8
49	45	4
81	45	4
208	45	1
17	46	2
33	46	2
40	46	1
61	46	3
62	46	2
86	46	3
51	47	1
89	47	5
30	48	2
35	48	1
40	48	1
5	49	1
56	50	3
102	51	2
53	54	2
66	57	1
239	57	1
18	58	5
52	58	1
194	58	1
56	59	1
60	59	1
94	60	1
94	62	1
25	63	2
29	63	3
208	63	1
82	64	4
58	65	6
1	66	2
94	66	1
58	67	3
65	68	2
18	69	2
215	70	3
17	71	2
33	71	3
221	71	3
6	72	1
129	72	2
0	73	1
5	73	11
19	73	4
52	74	4
72	74	3
12	76	6
20	76	2
30	76	3
89	76	1
234	76	1
92	77	2
45	78	1
67	78	2
90	78	1
64	83	2
120	83	1
129	83	2
171	83	9
192	83	1
240	83	5
234	84	2
68	85	1
86	85	1
109	85	2
124	85	16
129	85	5
148	85	2
171	85	6
197	85	2
214	85	1
240	85	4
141	86	1
19	88	2
70	89	2
62	93	1
124	95	5
126	95	1
171	95	4
164	96	1
252	96	4
64	97	2
66	97	1
100	97	4
120	97	2
149	97	1
224	97	1
58	98	1
104	98	3
119	99	8
202	100	1
99	101	13
102	101	6
190	101	2
99	102	2
104	102	3
138	102	1
101	103	7
136	103	3
148	103	1
7	107	1
8	107	2
104	107	8
138	107	7
86	108	3
142	108	1
190	108	2
194	110	2
109	111	1
221	111	5
144	112	6
71	113	1
114	113	7
192	113	3
194	113	5
223	113	1
112	114	6
120	114	1
135	114	1
190	115	1
120	116	5
128	116	6
141	116	3
200	116	1
223	116	10
255	116	1
1	117	72
15	117	4
66	117	1
83	117	3
97	117	4
115	117	4
203	117	6
206	117	6
219	117	1
227	117	1
105	118	3
200	118	1
141	119	1
107	121	2
114	121	4
146	121	11
147	121	7
227	122	1
228	122	1
120	123	4
121	123	3
110	124	5
118	124	4
223	124	2
225	124	1
114	127	2
133	127	5
138	127	9
62	128	3
66	128	3
238	128	1
19	129	2
141	129	1
214	129	1
217	129	3
103	130	3
113	130	1
224	130	2
214	131	2
101	134	1
135	134	1
101	136	4
217	136	1
228	136	2
246	136	3
258	136	7
123	137	2
134	137	4
135	137	2
142	137	1
146	138	1
112	139	10
207	139	1
190	140	1
145	141	1
122	144	2
148	144	1
198	144	1
145	147	13
244	147	3
112	148	7
140	148	4
2	150	5
124	150	1
124	153	2
1	154	2
83	156	1
141	156	1
1	157	2
83	157	2
85	157	2
11	158	4
2	159	6
124	159	1
171	159	1
3	160	4
117	160	6
152	160	1
154	160	1
1	161	12
116	161	4
83	162	1
117	162	3
162	163	1
1	164	7
276	164	2
116	165	1
152	165	1
176	165	3
11	166	5
41	166	1
116	166	1
176	166	5
249	166	1
11	167	3
41	167	1
171	167	5
141	168	1
124	170	3
117	171	2
183	171	3
239	171	2
258	171	8
260	171	1
11	172	1
141	172	1
11	174	10
174	175	1
1	176	2
11	177	3
117	177	1
236	177	1
11	178	4
1	179	4
1	180	6
116	180	1
2	181	1
3	181	1
11	181	4
116	181	2
176	182	12
283	182	1
212	184	4
260	184	5
2	185	17
83	186	1
124	186	1
147	186	1
171	186	1
201	186	1
202	186	4
203	186	4
85	187	1
155	188	2
159	188	6
232	188	1
80	189	1
110	189	3
212	189	5
216	189	1
225	189	2
241	189	1
251	189	1
85	190	1
102	190	1
116	191	1
7	192	6
117	192	1
202	192	2
183	193	1
144	194	1
147	194	1
192	194	6
225	194	1
282	194	2
132	196	1
158	196	1
178	196	3
244	196	1
94	197	1
122	197	4
227	197	1
118	198	5
147	198	1
149	198	2
206	198	1
122	199	1
132	199	2
144	199	1
177	199	1
149	201	3
198	201	9
204	201	1
227	201	3
243	201	1
141	203	2
147	204	1
203	204	1
224	206	1
12	208	5
19	209	1
131	209	1
192	209	4
194	209	4
210	209	2
129	210	12
131	210	5
66	211	1
131	211	6
136	211	1
170	212	22
46	213	6
71	213	1
148	215	1
212	216	12
217	216	1
184	217	22
132	218	1
147	218	1
178	218	18
186	218	1
203	218	2
229	218	4
244	218	2
171	219	2
203	219	3
176	220	3
66	223	4
100	223	1
203	224	4
201	225	3
203	225	3
166	226	23
252	226	7
227	228	11
167	230	9
180	230	3
206	230	4
229	230	7
231	230	22
232	230	1
244	230	2
171	231	4
203	232	1
244	232	4
156	233	16
157	233	2
180	233	2
191	233	9
244	233	4
86	235	1
190	237	2
94	239	6
190	243	10
203	244	1
206	244	1
278	245	1
246	247	2
152	248	2
252	248	22
171	253	1
169	254	1
228	254	1
124	255	2
206	255	3
219	255	2
227	256	4
254	256	2
124	261	1
124	262	4
124	263	1
171	263	1
283	267	1
157	268	16
161	268	1
167	268	7
274	268	1
244	270	5
275	270	1
245	272	3
252	272	1
277	273	1
262	274	15
264	274	6
283	274	1
162	275	1
191	275	9
265	275	15
283	275	1
174	276	8
245	276	8
266	276	15
187	278	1
15	1	4
17	3	19
30	3	1
81	3	2
69	4	1
136	5	2
194	7	2
94	11	5
137	11	1
223	11	10
75	13	1
15	18	1
67	20	1
14	21	1
39	21	3
8	23	4
39	42	6
90	42	3
22	43	8
199	43	8
201	43	2
209	43	4
243	43	10
265	43	18
52	45	2
5	46	8
49	47	1
60	48	1
61	48	2
56	57	1
15	72	2
119	84	1
202	85	6
57	87	1
255	97	1
207	100	1
119	101	7
8	102	1
134	104	1
109	107	4
15	112	5
15	114	3
197	118	4
176	124	2
208	130	2
71	131	5
102	136	4
143	144	14
217	144	1
228	144	2
229	150	1
11	152	9
117	165	1
203	171	2
1	172	1
11	173	2
1	182	2
11	182	2
136	184	63
97	185	1
223	189	3
158	199	1
110	200	1
190	201	7
217	202	1
235	211	3
96	220	1
96	226	1
206	232	1
236	232	1
7	234	1
171	264	5
