101	0	4
112	0	11
123	0	1
134	0	7
135	0	1
137	0	1
139	0	3
140	0	3
192	0	1
194	0	2
213	0	1
240	0	2
19	1	6
20	1	3
62	1	3
71	1	3
86	1	1
97	1	2
98	1	1
108	1	5
110	1	2
113	1	1
120	1	2
128	1	18
169	1	4
171	1	10
193	1	7
203	1	6
206	1	6
219	1	1
223	1	4
224	1	2
238	1	3
6	2	4
10	2	4
49	2	1
57	2	5
61	2	1
81	2	2
85	2	3
90	2	6
92	2	2
105	2	1
110	2	1
212	2	2
223	2	3
238	2	1
7	3	2
8	3	2
13	3	5
51	3	1
75	3	3
83	3	3
86	3	3
89	3	6
107	3	1
108	3	2
124	3	1
136	3	6
186	3	1
202	3	1
225	3	1
8	4	1
58	4	1
200	4	2
6	5	2
12	5	1
29	5	2
51	5	4
90	5	1
102	5	1
106	5	4
109	5	1
208	5	2
0	6	3
57	6	1
81	6	1
106	6	4
129	6	1
1	7	1
4	7	9
64	7	2
66	7	7
51	8	2
62	8	6
110	8	1
192	8	5
0	9	1
4	9	1
114	9	4
134	9	12
135	9	2
4	10	1
102	10	1
136	10	1
0	11	2
2	11	48
13	11	1
84	11	1
85	11	25
92	11	1
110	11	1
118	11	2
124	11	7
129	11	2
130	11	5
131	11	1
192	11	5
193	11	7
202	11	2
210	11	15
238	11	2
246	11	27
254	11	9
255	11	1
256	11	7
260	11	5
4	12	4
9	12	5
52	12	1
64	12	8
99	12	12
101	12	7
102	12	6
136	12	1
137	12	2
7	13	1
10	13	10
52	13	2
70	13	2
89	13	3
126	13	1
192	13	1
58	14	1
11	15	3
240	15	1
17	16	1
18	16	2
69	16	6
62	17	2
14	18	5
99	18	1
14	19	6
26	19	2
64	19	1
14	20	4
51	20	1
68	20	1
82	20	1
15	21	1
18	21	2
53	21	9
55	21	3
70	21	2
100	21	2
5	22	12
12	22	10
14	22	3
16	22	11
17	22	7
42	22	1
47	22	1
49	22	3
67	22	3
74	22	2
81	22	2
89	22	1
14	23	1
14	24	2
82	24	1
58	26	2
89	26	1
109	27	1
133	27	1
26	28	2
26	29	1
28	29	6
89	30	1
120	30	1
210	30	1
26	31	3
28	32	8
29	32	14
41	32	3
44	32	7
51	32	3
58	32	5
105	32	1
204	32	1
26	33	1
62	33	1
76	33	1
17	34	1
26	34	2
28	34	11
30	34	10
46	34	1
54	34	4
55	34	1
76	34	1
82	34	1
215	34	1
7	35	3
67	35	1
26	36	2
68	36	1
212	36	1
26	37	1
65	37	1
26	38	1
58	38	1
91	38	3
133	38	1
149	38	1
53	39	7
39	40	2
62	40	1
70	40	1
82	40	1
39	41	2
76	41	1
124	41	1
183	41	1
12	42	7
34	42	16
37	42	1
70	42	3
92	42	4
16	43	10
23	43	8
25	43	9
28	43	10
35	43	7
37	43	9
44	43	8
45	43	9
46	43	11
50	43	11
55	43	6
59	43	10
63	43	5
74	43	3
76	43	2
84	43	9
86	43	3
88	43	9
95	43	1
96	43	29
103	43	4
111	43	4
129	43	4
132	43	5
141	43	24
150	43	1
154	43	15
157	43	15
158	43	10
161	43	29
163	43	29
164	43	29
166	43	29
168	43	22
176	43	14
177	43	10
178	43	31
180	43	10
182	43	8
186	43	6
187	43	10
190	43	25
191	43	22
194	43	5
195	43	10
196	43	8
198	43	2
206	43	7
208	43	5
213	43	5
231	43	22
232	43	29
236	43	23
237	43	10
244	43	8
245	43	30
248	43	8
249	43	1
262	43	18
263	43	18
264	43	18
266	43	18
267	43	25
269	43	15
270	43	25
276	43	29
277	43	22
278	43	10
279	43	18
283	43	11
284	43	1
285	43	1
287	43	1
288	43	1
289	43	1
291	43	1
30	44	3
41	44	1
56	44	7
57	44	5
5	45	9
12	45	10
18	45	4
30	45	3
40	45	2
60	45	1
86	45	4
12	46	11
17	46	2
30	46	3
33	46	2
61	46	3
65	46	1
86	46	3
131	46	1
12	47	10
23	47	1
51	47	1
61	47	1
66	47	2
68	47	1
91	47	1
92	47	3
129	47	1
208	47	1
209	47	2
25	48	1
29	48	2
30	48	2
31	48	1
35	48	1
40	48	1
56	48	2
58	48	1
57	49	1
65	49	1
17	50	2
25	50	1
29	50	3
49	50	2
53	50	4
55	50	1
56	50	3
65	50	2
69	50	2
29	51	1
86	51	1
21	54	2
58	54	3
61	54	6
70	54	6
53	55	3
224	55	1
58	57	1
66	57	1
89	57	2
239	57	1
6	58	5
18	58	5
29	58	4
31	58	8
52	58	1
56	58	1
69	58	2
194	58	1
60	59	1
95	59	1
94	60	1
94	62	1
29	63	3
61	63	2
103	63	5
82	64	4
92	64	1
30	65	3
1	66	2
65	66	2
57	67	5
58	67	3
57	68	3
17	70	4
58	70	1
62	70	1
0	71	2
33	71	3
94	71	1
132	71	4
136	71	1
5	72	7
6	72	1
19	72	3
30	72	1
75	72	1
81	72	4
89	72	1
113	72	3
217	72	1
0	73	1
5	73	11
12	73	10
19	73	4
30	73	1
33	73	1
63	73	1
75	73	2
89	73	1
129	73	3
235	73	1
5	74	11
12	74	20
13	74	2
17	74	4
52	74	4
72	74	3
89	74	1
70	75	2
12	76	6
20	76	2
30	76	3
89	76	1
131	76	1
234	76	1
235	76	1
52	77	1
54	77	3
124	77	2
67	78	2
90	78	1
171	78	1
70	82	3
0	83	3
15	83	1
64	83	2
82	83	1
97	83	4
105	83	3
116	83	1
120	83	1
122	83	1
124	83	4
128	83	4
136	83	1
198	83	1
200	83	4
201	83	5
204	83	1
212	83	1
214	83	10
225	83	4
136	84	2
194	84	1
217	84	1
13	85	1
41	85	3
97	85	1
100	85	5
105	85	4
110	85	7
113	85	3
120	85	2
128	85	5
131	85	3
148	85	2
197	85	2
198	85	8
204	85	16
205	85	5
223	85	2
240	85	4
57	86	1
66	86	2
141	86	1
213	86	1
12	87	1
68	87	1
239	87	1
68	88	1
101	88	4
104	88	1
122	88	1
136	88	3
235	88	1
52	89	1
70	89	2
118	89	2
124	89	2
238	89	2
89	90	1
15	91	1
35	92	2
62	92	3
70	92	4
71	92	1
130	92	1
144	92	1
5	93	1
57	94	1
205	94	4
124	95	5
126	95	1
171	95	4
205	95	1
164	96	1
176	96	2
194	96	4
249	96	1
253	96	15
277	96	9
279	96	15
15	97	2
41	97	2
120	97	2
149	97	1
203	97	7
204	97	2
224	97	1
58	98	1
115	99	3
119	99	8
92	100	1
99	100	1
202	100	1
7	101	2
9	101	13
58	101	6
99	101	13
7	102	2
99	102	2
109	102	2
115	102	1
122	102	3
138	102	1
197	102	3
92	103	2
101	103	7
148	103	1
222	103	6
138	104	3
197	104	3
20	105	1
66	105	1
104	105	1
108	105	1
121	105	1
134	106	6
7	107	1
58	107	4
104	107	8
106	107	6
138	107	7
190	107	1
86	108	3
104	108	3
120	108	3
142	108	1
190	108	2
104	109	6
190	109	2
104	110	2
194	110	2
204	110	4
33	111	1
104	111	2
107	111	3
109	111	1
136	111	2
197	111	2
221	111	5
101	112	4
115	112	7
126	112	2
134	112	4
144	112	6
13	113	5
15	113	1
27	113	2
71	113	1
92	113	1
101	113	7
107	113	1
108	113	3
120	113	11
123	113	3
128	113	2
134	113	3
146	113	1
192	113	3
223	113	1
112	114	6
15	115	2
141	115	2
11	116	72
85	116	3
86	116	1
118	116	3
120	116	5
141	116	3
148	116	1
171	116	6
223	116	10
254	116	1
255	116	1
256	116	1
260	116	4
1	117	72
3	117	1
10	117	1
13	117	1
15	117	4
66	117	1
97	117	4
115	117	4
120	117	2
122	117	1
128	117	14
148	117	1
200	117	1
202	117	2
206	117	6
215	117	1
219	117	1
223	117	2
225	117	1
227	117	1
15	118	1
86	118	1
94	118	2
148	118	1
169	118	1
200	118	1
219	118	1
190	119	2
207	119	1
27	121	10
107	121	2
108	121	9
137	121	4
142	121	3
146	121	11
258	122	1
120	123	4
2	124	3
94	124	2
110	124	5
118	124	4
200	124	1
204	124	1
216	124	2
224	124	2
225	124	1
257	124	2
207	125	5
139	126	1
133	127	5
138	127	9
0	128	2
62	128	3
238	128	1
0	129	16
19	129	2
89	129	5
105	129	5
107	129	4
110	129	1
113	129	1
130	129	5
136	129	1
197	129	1
204	129	4
214	129	1
217	129	3
0	130	2
103	130	3
113	130	1
132	130	9
224	130	2
89	131	3
100	131	3
101	131	3
113	131	14
130	131	3
132	131	1
190	131	2
214	131	2
136	132	1
223	132	1
133	134	2
135	134	1
142	134	2
207	134	4
101	136	4
107	136	2
124	136	9
128	136	1
170	136	61
171	136	4
212	136	1
216	136	3
227	136	2
240	136	3
260	136	5
9	137	14
114	137	1
134	137	4
135	137	2
114	138	3
112	139	10
115	140	1
135	140	2
139	140	1
190	140	1
9	141	1
94	141	9
108	141	1
145	141	1
149	141	2
260	141	2
283	141	1
110	144	1
198	144	1
227	144	2
190	145	1
145	146	4
147	146	4
118	147	1
145	147	13
197	147	2
202	147	1
244	147	3
140	148	4
1	150	1
83	150	1
85	150	1
116	150	1
117	150	1
186	150	1
11	151	4
85	151	2
116	151	2
117	151	2
252	151	1
1	152	9
116	152	2
117	152	2
176	152	2
252	152	1
2	153	2
3	153	2
11	153	3
124	153	2
171	153	2
1	154	2
11	154	2
11	155	2
83	155	2
85	155	2
116	155	1
117	155	1
1	156	4
83	156	1
85	156	1
116	156	1
117	156	1
190	156	1
191	156	1
83	157	2
1	158	4
3	158	12
11	158	4
117	158	3
150	158	1
205	158	2
218	158	2
2	159	6
116	159	2
124	159	1
171	159	1
2	160	4
3	160	4
117	160	6
152	160	1
154	160	1
1	161	12
2	161	1
116	161	4
1	162	9
83	162	1
117	162	3
141	162	2
157	162	1
1	163	2
11	164	7
151	164	1
163	164	1
11	165	14
96	165	3
152	165	1
164	165	1
194	165	2
225	165	2
227	165	1
1	166	5
11	166	5
41	166	1
117	166	1
152	166	1
176	166	5
249	166	1
258	166	6
2	167	2
3	167	2
11	167	3
41	167	1
1	168	2
141	168	1
171	168	3
116	169	7
176	169	2
193	169	1
11	170	2
124	170	3
201	170	1
3	171	2
11	171	36
94	171	2
97	171	4
110	171	7
118	171	3
176	171	3
206	171	2
239	171	2
246	171	28
258	171	8
11	172	1
41	172	1
116	172	3
132	172	1
141	172	1
190	172	1
118	173	1
1	174	10
11	174	10
245	174	1
1	175	14
11	175	14
117	175	1
174	175	1
11	176	2
175	176	2
255	176	1
256	176	1
1	177	3
3	177	2
11	177	3
116	177	1
117	177	1
172	177	1
195	177	1
1	178	4
117	178	3
132	178	1
11	179	4
1	180	6
117	180	1
1	181	4
11	181	4
141	181	1
190	181	1
176	182	12
283	182	1
117	183	6
171	184	3
198	184	1
212	184	4
1	185	2
2	185	17
116	185	6
190	185	3
83	186	1
85	186	1
89	186	2
144	186	1
171	186	1
194	186	2
201	186	1
206	186	4
244	186	1
85	187	1
3	188	1
154	188	18
155	188	2
159	188	6
178	188	2
203	188	2
206	188	2
232	188	1
244	188	1
24	189	1
36	189	1
78	189	1
79	189	1
85	189	6
87	189	1
93	189	1
173	189	1
184	189	4
185	189	1
202	189	3
246	189	1
247	189	1
251	189	1
294	189	1
85	190	1
97	190	1
102	190	1
106	190	1
112	190	3
144	190	3
124	191	7
136	191	1
171	191	7
7	192	6
117	192	1
144	192	1
147	192	1
202	192	2
116	193	1
183	193	1
2	194	1
147	194	1
225	194	1
3	195	6
132	195	4
158	196	1
159	196	23
177	196	3
178	196	3
218	196	1
229	196	9
244	196	1
97	197	2
110	197	4
122	197	4
148	197	1
224	197	1
227	197	1
148	198	1
197	198	5
206	198	1
243	198	1
282	198	1
144	199	1
147	199	1
150	199	1
159	199	1
195	199	5
197	199	1
281	199	1
102	200	1
122	200	1
171	200	3
97	201	5
122	201	11
141	201	2
148	201	4
149	201	3
198	201	9
227	201	3
243	201	1
282	201	1
122	202	6
214	202	3
225	202	1
94	203	4
141	203	2
193	203	4
249	203	1
147	204	1
97	205	2
212	205	1
216	205	1
97	206	8
169	206	1
9	207	4
12	208	5
62	208	1
74	208	3
129	209	2
131	209	1
192	209	4
194	209	4
210	209	2
131	210	5
136	210	1
234	210	3
66	211	1
88	211	2
136	211	1
7	212	1
47	212	1
46	213	6
71	213	1
192	213	2
194	213	2
62	214	1
148	214	1
92	215	2
148	215	1
214	215	2
170	216	11
212	216	12
217	216	1
66	217	1
192	217	1
194	217	7
209	217	3
213	217	4
132	218	1
147	218	1
159	218	1
186	218	1
206	218	2
229	218	4
231	218	1
236	218	19
171	219	2
203	219	3
176	220	3
203	220	1
283	220	1
103	221	1
111	222	3
100	223	1
128	223	2
203	224	4
198	225	2
201	225	3
206	225	3
152	226	16
165	226	23
166	226	23
198	226	1
201	226	1
283	226	1
225	227	7
225	228	4
227	228	11
161	230	23
179	230	1
180	230	3
232	230	1
237	230	2
124	231	4
136	231	1
171	231	4
110	232	1
160	232	3
167	232	4
179	232	8
203	232	1
231	232	4
237	232	4
244	232	4
261	232	15
283	232	1
157	233	2
161	233	6
180	233	2
86	235	1
188	236	6
196	236	8
190	237	2
203	237	2
206	237	2
281	237	1
141	243	5
190	243	10
283	243	1
203	244	1
206	244	1
243	244	1
170	245	1
184	245	1
278	245	1
246	247	2
152	248	2
164	248	23
175	248	3
276	248	1
283	248	1
194	249	1
203	251	2
255	251	3
124	252	4
171	252	4
176	252	4
136	253	2
227	254	5
228	254	1
183	255	1
254	256	2
258	257	1
124	261	1
171	262	4
124	264	5
171	265	3
124	266	2
171	266	2
163	267	1
252	267	9
273	267	16
276	267	1
277	267	7
161	268	1
168	268	9
187	268	3
191	268	22
244	268	3
269	268	2
274	268	1
168	269	1
162	270	1
168	270	22
244	270	5
269	270	16
275	270	1
277	270	9
168	271	1
168	272	7
245	272	3
271	272	16
273	272	2
275	272	1
283	272	1
277	273	1
161	274	3
180	274	8
181	274	8
191	274	4
263	274	15
264	274	6
283	274	1
163	275	3
244	275	10
174	276	8
277	276	4
279	276	6
187	278	1
244	281	2
243	282	3
244	282	1
100	0	1
141	0	1
100	1	1
17	3	19
81	3	2
69	4	1
108	5	2
136	5	2
122	7	1
194	7	2
1	11	6
137	11	1
75	13	1
14	15	1
14	17	6
14	21	1
8	23	4
57	23	4
37	32	4
5	34	8
49	34	4
90	42	3
22	43	8
47	43	4
60	43	6
199	43	8
201	43	2
209	43	4
230	43	25
233	43	25
243	43	10
265	43	18
52	45	2
57	45	2
5	46	8
5	47	14
131	47	3
37	48	2
16	52	2
56	57	1
194	63	1
15	72	2
20	72	2
208	72	2
211	72	6
60	81	1
100	83	4
205	83	6
223	83	4
119	84	1
197	84	2
108	85	3
202	85	6
57	87	1
255	97	1
62	100	1
207	101	10
8	102	1
86	102	1
134	104	1
109	107	4
100	113	2
0	114	2
197	118	4
176	124	2
247	124	28
208	130	2
19	131	1
212	131	2
201	132	1
41	136	3
143	144	14
228	144	2
3	150	5
229	150	1
11	152	9
116	158	3
117	159	2
3	161	1
141	163	1
124	171	4
202	171	4
203	171	2
204	171	1
1	172	1
11	173	2
117	173	6
219	176	1
116	178	3
2	179	1
178	179	1
179	180	1
1	182	2
258	183	1
97	185	1
83	188	1
229	188	22
77	189	1
242	189	1
149	190	1
116	192	1
206	193	3
2	195	6
158	199	1
237	199	1
110	200	1
217	202	1
203	206	9
129	212	2
190	214	3
206	220	1
62	224	5
203	230	4
236	232	1
231	233	7
274	233	1
7	234	1
206	251	2
244	251	1
228	256	5
171	264	5
191	270	7
282	275	2
