101	0	4
123	0	1
134	0	7
137	0	1
139	0	3
194	0	2
240	0	2
19	1	6
83	1	25
97	1	2
206	1	6
247	1	27
4	2	4
57	2	5
105	2	1
136	2	8
215	2	1
223	2	3
1	3	48
8	3	2
13	3	5
51	3	1
86	3	3
101	3	4
225	3	1
58	4	1
102	4	1
200	4	2
12	5	1
51	5	4
98	5	10
104	5	12
59	6	1
89	6	6
4	7	9
66	8	4
114	9	4
135	9	2
102	10	1
136	10	1
2	11	48
4	11	3
13	11	1
20	11	5
84	11	1
90	11	1
110	11	1
115	11	2
210	11	15
240	11	2
4	12	4
10	12	6
64	12	8
119	12	3
7	13	1
10	13	10
59	13	1
133	13	1
89	14	2
240	15	1
61	18	8
26	19	2
26	20	4
55	21	3
69	21	11
14	22	3
16	22	11
74	22	2
89	22	1
90	22	1
240	23	2
5	26	1
58	26	2
89	26	1
26	27	1
109	27	1
149	27	2
30	28	1
26	29	1
26	30	11
66	30	2
26	31	3
51	32	3
204	32	1
5	33	3
26	33	1
12	34	6
75	34	4
76	34	1
67	35	1
70	35	4
240	35	1
26	36	2
68	36	1
212	36	1
26	37	1
58	38	1
91	38	3
126	38	1
149	38	1
224	38	1
16	40	1
39	40	2
39	41	2
76	41	1
124	41	1
170	41	2
5	42	5
12	42	7
33	42	1
40	42	4
49	42	1
70	42	3
75	42	5
86	42	1
23	43	8
25	43	9
33	43	4
35	43	7
39	43	4
40	43	10
44	43	8
48	43	14
49	43	12
50	43	11
55	43	6
59	43	10
96	43	29
129	43	4
141	43	24
152	43	15
156	43	15
161	43	29
163	43	29
164	43	29
167	43	22
168	43	22
176	43	14
178	43	31
181	43	10
190	43	25
191	43	22
203	43	7
226	43	8
236	43	23
249	43	1
261	43	18
270	43	25
272	43	25
276	43	29
278	43	10
280	43	18
282	43	8
284	43	1
288	43	1
289	43	1
41	44	1
49	44	1
5	45	9
44	45	8
40	46	1
49	46	4
61	46	3
30	47	1
40	47	3
66	47	2
68	47	1
209	47	2
25	48	1
30	48	2
53	48	4
58	48	1
57	49	1
65	49	1
25	50	1
65	50	2
53	54	2
58	54	3
61	54	6
70	54	6
70	55	2
58	57	1
66	57	1
89	57	2
52	58	1
62	58	2
56	60	3
94	60	1
25	63	2
58	63	1
61	63	2
102	64	5
200	64	1
58	65	6
58	67	3
65	67	1
0	71	2
33	71	3
111	71	4
17	72	3
19	72	3
30	72	1
20	73	3
75	73	2
217	73	2
12	74	20
13	74	2
72	74	3
105	74	2
20	76	2
89	76	1
90	76	3
131	76	1
235	76	1
124	77	2
205	77	1
15	83	1
51	83	1
105	83	3
110	83	3
118	83	1
120	83	1
122	83	1
129	83	2
200	83	4
204	83	1
212	83	1
225	83	4
57	84	1
62	84	1
107	84	5
194	84	1
217	84	1
68	85	1
100	85	5
113	85	3
120	85	2
129	85	5
200	85	5
203	85	3
214	85	1
213	86	1
5	87	1
12	87	1
68	88	1
136	88	3
70	89	2
118	89	2
124	89	2
238	89	2
15	91	1
62	93	1
70	93	1
57	94	1
124	95	5
205	95	1
95	96	1
186	96	2
252	96	4
15	97	2
41	97	2
66	97	1
149	97	1
183	97	1
203	97	7
224	97	1
58	98	1
104	98	3
99	100	1
202	100	1
109	102	2
92	103	2
148	103	1
104	106	2
58	107	4
104	107	8
138	107	7
86	108	3
104	108	3
204	108	2
104	109	6
104	110	2
33	111	1
136	111	2
115	112	7
126	112	2
13	113	5
134	113	3
141	113	1
209	113	1
223	113	1
112	114	6
120	114	1
135	114	1
85	116	3
190	116	3
197	116	1
1	117	72
15	117	4
66	117	1
83	117	3
97	117	4
108	117	1
148	117	1
225	117	1
256	117	1
41	118	2
97	118	1
105	118	3
148	118	1
206	118	3
27	121	10
120	121	11
142	121	3
149	121	4
118	122	2
134	123	2
135	123	2
1	124	37
2	124	3
205	124	4
216	124	2
223	124	2
224	124	2
114	125	3
207	125	5
133	127	5
71	129	5
105	129	5
107	129	4
113	129	1
136	129	1
214	129	1
103	130	3
89	131	3
101	131	3
113	131	14
130	131	3
136	132	1
138	134	1
101	136	4
212	136	1
217	136	1
223	136	1
228	136	2
240	136	3
9	137	14
114	137	1
123	137	2
142	137	1
190	140	1
9	141	1
94	141	9
108	141	1
283	141	1
97	144	1
110	144	1
145	146	4
118	147	1
202	147	1
212	147	1
225	147	1
244	147	3
112	148	7
1	150	1
2	150	5
85	150	1
11	151	4
83	151	2
85	151	2
176	152	2
2	153	2
2	154	1
11	154	2
1	155	2
83	155	2
85	156	1
191	156	1
83	157	2
191	157	1
1	158	4
2	158	12
218	158	2
3	160	4
117	160	6
11	162	9
83	162	1
116	162	3
157	162	1
161	162	1
11	163	2
162	163	1
96	165	3
176	165	3
227	165	1
176	166	5
249	166	1
2	167	2
171	167	5
11	168	2
136	168	1
11	169	10
171	169	1
201	170	1
217	170	4
97	171	4
110	171	7
205	171	6
225	171	1
246	171	28
258	171	8
2	172	8
132	172	1
141	172	1
83	174	1
85	174	1
1	175	14
11	175	14
225	175	2
254	176	2
1	177	3
116	177	1
132	177	1
172	177	1
236	177	1
3	178	5
1	179	4
83	179	1
116	180	1
117	180	1
3	181	1
117	181	2
190	181	1
1	183	12
117	183	6
41	184	3
171	184	3
2	185	17
190	185	3
144	186	1
171	186	1
201	186	1
206	186	4
283	186	1
83	187	1
181	187	1
2	188	1
160	188	23
231	188	9
244	188	1
78	189	1
80	189	1
203	189	2
212	189	5
217	189	5
225	189	2
246	189	1
294	189	1
106	190	1
117	191	1
124	191	7
144	194	1
147	194	1
243	194	1
154	196	4
218	196	1
229	196	9
231	196	1
94	197	1
122	197	4
204	197	1
186	198	2
197	198	5
122	199	1
132	199	2
177	199	1
281	199	1
122	200	1
171	200	3
198	201	9
243	201	1
122	202	6
225	202	1
118	203	4
141	204	4
149	204	1
216	205	1
9	207	4
12	208	5
19	208	1
62	208	1
19	209	1
234	210	3
7	212	1
47	212	1
170	212	22
209	212	1
213	212	1
132	213	2
238	213	1
62	214	1
92	215	2
148	215	1
217	216	1
8	217	1
209	217	3
144	218	1
147	218	1
195	218	8
199	218	2
203	218	2
281	218	1
103	221	1
66	223	4
100	223	1
152	226	16
164	226	1
165	226	23
198	226	1
252	226	7
283	226	1
225	228	4
155	230	16
191	230	1
232	230	1
136	231	1
203	232	1
231	232	4
244	232	4
283	232	1
156	233	16
157	233	2
168	233	1
180	233	2
206	237	2
203	244	1
206	244	1
184	245	1
278	245	1
246	247	2
203	251	2
219	251	3
176	252	4
124	253	1
124	255	2
258	257	1
124	261	1
124	263	1
171	265	3
171	266	2
283	267	1
162	268	23
191	268	22
269	268	2
274	268	1
271	270	2
168	272	7
277	272	22
277	273	1
161	274	3
181	274	8
191	274	4
283	274	1
187	275	8
264	275	15
168	276	9
279	276	6
283	276	1
244	281	2
243	282	3
100	0	1
100	1	1
13	2	2
17	3	19
223	3	2
122	7	1
194	7	2
75	13	1
14	15	1
67	20	1
14	21	1
37	32	4
90	34	4
90	42	3
22	43	8
47	43	4
199	43	8
243	43	10
275	43	29
52	45	2
5	46	8
37	48	2
60	48	1
68	49	3
56	57	1
194	63	1
15	72	2
60	81	1
202	83	5
205	83	6
197	84	2
108	85	3
255	97	1
8	102	1
102	107	5
15	114	3
197	118	4
176	124	2
222	130	5
71	131	5
212	131	2
201	132	1
102	136	4
118	141	2
217	144	1
11	152	9
231	154	1
141	163	1
2	179	1
85	179	1
178	179	1
1	182	2
11	182	2
258	183	1
97	185	1
83	188	1
229	188	22
206	193	3
2	195	6
110	200	1
129	212	2
190	214	3
62	224	5
215	224	5
96	226	1
203	230	4
41	231	1
206	232	1
236	237	1
244	274	4
282	275	2
