101	0	4
112	0	11
135	0	1
137	0	1
139	0	3
194	0	2
240	0	2
20	1	3
62	1	3
71	1	3
83	1	25
88	1	1
108	1	5
110	1	2
113	1	1
120	1	2
169	1	4
200	1	3
203	1	6
206	1	6
219	1	1
225	1	1
238	1	3
247	1	27
254	1	6
256	1	7
7	2	1
10	2	4
26	2	4
49	2	1
62	2	1
64	2	3
81	2	2
85	2	3
89	2	8
90	2	6
100	2	1
110	2	1
113	2	1
171	2	3
215	2	1
7	3	2
8	3	2
14	3	3
40	3	2
51	3	1
75	3	3
91	3	2
101	3	4
108	3	2
118	3	4
148	3	1
186	3	1
203	3	3
206	3	3
212	3	1
58	4	1
200	4	2
12	5	1
51	5	4
90	5	1
102	5	1
104	5	12
107	5	7
134	5	1
57	6	1
81	6	1
89	6	6
98	6	12
106	6	4
129	6	1
66	7	7
66	8	4
194	8	3
0	9	1
125	9	7
53	10	1
102	10	1
20	11	5
62	11	2
66	11	5
84	11	1
90	11	1
92	11	1
110	11	1
124	11	7
128	11	13
129	11	2
130	11	5
131	11	1
136	11	3
192	11	5
210	11	15
225	11	3
246	11	27
256	11	7
260	11	5
4	12	4
9	12	5
52	12	1
101	12	7
102	12	6
113	12	1
136	12	1
200	12	3
7	13	1
10	13	10
17	13	7
52	13	2
58	13	5
59	13	1
70	13	2
133	13	1
192	13	1
215	14	1
11	15	3
14	16	2
69	16	6
14	18	5
99	18	1
14	19	6
61	19	1
64	19	1
70	19	1
54	20	1
56	20	1
57	20	2
120	20	1
238	20	1
25	21	3
55	21	3
58	21	5
100	21	2
115	21	1
5	22	12
12	22	10
42	22	1
47	22	1
74	22	2
81	22	2
208	22	1
240	23	2
5	24	1
208	24	2
5	26	1
58	26	2
239	26	1
133	27	1
31	28	1
28	29	6
26	30	11
66	30	2
120	30	1
210	30	1
65	31	7
28	32	8
44	32	7
56	32	12
105	32	1
12	33	3
62	33	1
76	33	1
12	34	6
54	34	4
76	34	1
82	34	1
7	35	3
70	35	4
235	35	1
26	36	2
33	36	3
212	36	1
29	37	3
65	37	1
26	38	1
91	38	3
126	38	1
133	38	1
224	38	1
53	39	7
55	39	2
16	40	1
62	40	1
70	40	1
76	41	1
170	41	2
205	41	3
216	41	2
5	42	5
12	42	7
17	42	1
40	42	4
49	42	1
70	42	3
75	42	5
86	42	1
92	42	4
16	43	10
25	43	9
33	43	4
34	43	10
39	43	4
40	43	10
42	43	7
45	43	9
48	43	14
55	43	6
59	43	10
63	43	5
72	43	3
74	43	3
76	43	2
88	43	9
92	43	5
96	43	29
111	43	4
129	43	4
132	43	5
150	43	1
152	43	15
155	43	15
157	43	15
158	43	10
160	43	29
165	43	29
166	43	29
167	43	22
174	43	10
176	43	14
177	43	10
181	43	10
186	43	6
188	43	25
190	43	25
194	43	5
198	43	2
213	43	5
218	43	29
226	43	8
229	43	22
231	43	22
236	43	23
237	43	10
249	43	1
250	43	1
252	43	22
253	43	18
261	43	18
262	43	18
263	43	18
267	43	25
268	43	25
273	43	15
274	43	29
277	43	22
280	43	18
282	43	8
283	43	11
284	43	1
290	43	1
292	43	1
293	43	1
41	44	1
49	44	1
56	44	7
57	44	5
5	45	9
30	45	3
44	45	8
60	45	1
81	45	4
86	45	4
17	46	2
33	46	2
40	46	1
61	46	3
62	46	2
86	46	3
89	46	2
23	47	1
30	47	1
68	47	1
91	47	1
92	47	3
208	47	1
209	47	2
30	48	2
56	48	2
5	49	1
37	49	1
57	49	1
65	49	1
17	50	2
29	50	3
55	50	1
65	50	2
69	50	2
53	54	2
58	54	3
70	54	6
224	55	1
30	57	8
58	57	1
239	57	1
6	58	5
29	58	4
84	59	3
88	59	4
95	59	1
56	60	3
57	60	1
66	62	2
94	62	1
65	63	1
103	63	5
82	64	4
92	64	1
58	65	6
65	66	2
94	66	1
205	66	3
57	67	5
58	67	3
65	67	1
57	68	3
215	70	3
33	71	3
111	71	4
132	71	4
212	71	1
221	71	3
5	72	7
6	72	1
17	72	3
19	72	3
75	72	1
81	72	4
89	72	1
0	73	1
5	73	11
12	73	10
17	73	4
19	73	4
33	73	1
76	73	4
89	73	1
129	73	3
131	73	5
217	73	2
5	74	11
12	74	20
30	74	3
52	74	4
5	76	20
20	76	2
30	76	3
89	76	1
234	76	1
235	76	1
54	77	3
92	77	2
124	77	2
205	77	1
67	78	2
90	78	1
171	78	1
31	80	3
62	82	1
0	83	3
11	83	2
82	83	1
97	83	4
105	83	3
110	83	3
115	83	6
119	83	1
122	83	1
128	83	4
131	83	2
136	83	1
171	83	9
192	83	1
198	83	1
200	83	4
204	83	1
212	83	1
225	83	4
240	83	5
57	84	1
107	84	5
136	84	2
194	84	1
1	85	2
41	85	3
52	85	1
86	85	1
92	85	2
97	85	1
100	85	5
105	85	4
109	85	2
110	85	7
113	85	3
117	85	1
118	85	5
120	85	2
124	85	16
200	85	5
203	85	3
204	85	16
205	85	5
214	85	1
223	85	2
240	85	4
213	86	1
12	87	1
239	87	1
19	88	2
70	88	1
122	88	1
70	89	2
118	89	2
124	89	2
58	90	1
62	92	3
71	92	1
130	92	1
62	93	1
57	94	1
124	95	5
205	95	1
95	96	1
194	96	4
249	96	1
252	96	4
253	96	15
277	96	9
279	96	15
15	97	2
41	97	2
66	97	1
100	97	4
122	97	2
204	97	2
224	97	1
225	97	1
58	98	1
104	98	3
92	100	1
112	100	1
9	101	13
99	101	13
102	101	6
141	101	1
190	101	2
7	102	2
104	102	3
109	102	2
115	102	1
122	102	3
101	103	7
136	103	3
222	103	6
197	104	3
66	105	1
104	105	1
108	105	1
121	105	1
98	106	1
104	106	2
114	106	12
127	106	11
7	107	1
8	107	2
106	107	6
138	107	7
141	107	1
190	107	1
86	108	3
120	108	3
204	108	2
190	109	2
197	109	1
204	110	4
136	111	2
221	111	5
101	112	4
115	112	7
134	112	4
137	112	2
144	112	6
15	113	1
71	113	1
92	113	1
114	113	7
128	113	2
134	113	3
141	113	1
209	113	1
223	113	1
126	114	3
135	114	1
2	116	1
11	116	72
118	116	3
120	116	5
171	116	6
200	116	1
254	116	1
256	116	1
1	117	72
3	117	1
13	117	1
66	117	1
83	117	3
108	117	1
115	117	4
124	117	6
148	117	1
206	117	6
223	117	2
86	118	1
94	118	2
105	118	3
129	118	1
148	118	1
169	118	1
200	118	1
190	119	2
108	121	9
114	121	4
120	121	11
149	121	4
120	122	3
228	122	1
258	122	1
9	123	5
135	123	2
1	124	37
2	124	3
116	124	4
118	124	4
205	124	4
224	124	2
256	124	6
257	124	2
114	125	3
207	125	5
139	126	1
114	127	2
138	127	9
0	128	2
62	128	3
19	129	2
89	129	5
105	129	5
110	129	1
197	129	1
204	129	4
0	130	2
103	130	3
132	130	9
224	130	2
101	131	3
113	131	14
190	131	2
136	132	1
223	132	1
101	134	1
135	134	1
101	135	2
101	136	4
107	136	2
170	136	61
247	136	3
257	136	5
258	136	7
134	137	4
135	137	2
142	137	1
114	138	3
112	139	10
207	139	1
92	140	1
115	140	1
135	140	2
94	141	9
108	141	1
149	141	2
198	141	2
283	141	1
97	144	1
110	144	1
148	144	1
201	144	2
225	144	1
227	144	2
149	145	2
145	146	4
202	147	1
244	147	3
1	150	1
83	150	1
85	150	1
117	150	1
124	150	1
171	150	1
186	150	1
1	151	4
11	151	4
85	151	2
116	151	2
117	151	2
252	151	1
117	152	2
176	152	2
252	152	1
11	153	3
171	153	2
229	153	1
2	154	1
11	154	2
85	154	2
1	155	2
11	155	2
116	155	1
1	156	4
11	156	4
116	156	1
117	156	1
141	156	1
191	156	1
11	157	2
11	158	4
150	158	1
205	158	2
218	158	2
116	159	2
124	159	1
171	159	1
186	159	1
2	160	4
3	160	4
116	160	6
152	160	1
154	160	1
156	161	1
160	161	1
85	162	1
116	162	3
117	162	3
161	162	1
190	162	1
1	163	2
11	163	2
271	163	1
1	164	7
11	164	7
151	164	1
163	164	1
1	165	14
11	165	14
116	165	1
176	165	3
194	165	2
11	166	5
41	166	1
116	166	1
152	166	1
165	166	1
2	167	2
3	167	2
11	167	3
124	167	5
1	168	2
124	168	3
11	169	10
171	169	1
217	170	4
3	171	2
41	171	2
94	171	2
97	171	4
117	171	2
176	171	3
225	171	1
256	171	3
117	172	3
141	172	1
186	172	5
118	173	1
186	173	7
1	174	10
83	174	1
85	174	1
245	174	1
11	175	14
117	175	1
225	175	2
136	176	1
175	176	2
253	176	1
255	176	1
258	176	1
1	177	3
11	177	3
117	177	1
172	177	1
236	177	1
3	178	5
11	178	4
177	178	1
1	179	4
11	179	4
83	179	1
11	180	6
3	181	1
11	181	4
117	181	2
190	181	1
176	182	12
283	182	1
1	183	12
1	184	2
171	184	3
212	184	4
260	184	5
1	185	2
116	185	6
141	185	3
190	185	3
83	186	1
124	186	1
144	186	1
147	186	1
171	186	1
194	186	2
202	186	4
203	186	4
206	186	4
83	187	1
85	187	1
2	188	1
85	188	1
154	188	18
178	188	2
206	188	2
244	188	1
36	189	1
83	189	6
85	189	6
93	189	1
170	189	4
184	189	4
185	189	1
194	189	5
202	189	3
203	189	2
212	189	5
225	189	2
241	189	1
251	189	1
294	189	1
85	190	1
102	190	1
106	190	1
141	190	4
144	190	3
259	190	2
117	191	1
124	191	7
136	191	1
171	191	7
147	192	1
202	192	2
243	192	2
183	193	1
144	194	1
225	194	1
282	194	2
2	196	1
3	196	1
154	196	4
159	196	23
177	196	3
218	196	1
231	196	1
244	196	1
94	197	1
110	197	4
122	197	4
148	197	1
224	197	1
118	198	5
148	198	1
186	198	2
197	198	5
243	198	1
144	199	1
159	199	1
195	199	5
197	199	1
229	199	1
102	200	1
122	200	1
171	200	3
122	201	11
149	201	3
198	201	9
243	201	1
122	202	6
200	202	2
94	203	4
118	203	4
193	203	4
118	204	2
121	204	2
138	204	2
141	204	4
149	204	1
97	205	2
216	205	1
97	206	8
9	207	4
12	208	5
62	208	1
129	209	2
192	209	4
210	209	2
129	210	12
136	210	1
66	211	1
129	211	4
136	211	1
7	212	1
8	212	4
47	212	1
89	212	1
192	212	2
194	212	7
209	212	1
213	212	1
7	213	1
46	213	6
238	213	1
62	214	1
112	214	1
92	215	2
214	215	2
184	216	1
8	217	1
184	217	22
192	217	1
194	217	7
209	217	3
213	217	4
186	218	1
229	218	4
231	218	1
236	218	19
281	218	1
203	219	3
186	220	3
203	220	1
103	221	1
111	222	3
205	224	3
193	225	1
203	225	3
206	225	3
152	226	16
164	226	1
175	226	2
198	226	1
201	226	1
225	227	7
155	230	16
160	230	6
167	230	9
179	230	1
206	230	4
231	230	22
124	231	4
171	231	4
110	232	1
178	232	11
261	232	15
157	233	2
191	233	9
8	235	1
196	236	8
190	237	2
94	240	1
141	243	5
190	243	10
170	245	1
184	245	1
278	245	1
246	247	2
151	248	16
152	248	2
164	248	23
175	248	3
252	248	22
283	248	1
219	251	3
124	252	4
171	252	4
176	252	4
124	253	1
136	253	2
171	253	1
169	254	1
228	254	1
169	255	1
183	255	1
219	255	2
227	256	4
258	257	1
171	262	4
124	263	1
171	263	1
124	264	5
171	265	3
124	266	2
171	266	2
273	267	16
277	267	7
283	267	1
157	268	16
161	268	1
162	268	23
167	268	7
168	268	9
277	268	1
162	270	1
168	270	22
244	270	5
269	270	16
271	270	2
168	271	1
168	272	7
271	272	16
161	274	3
167	274	9
181	274	8
191	274	4
263	274	15
283	274	1
162	275	1
163	275	3
187	275	8
191	275	9
264	275	15
266	275	6
168	276	9
174	276	8
266	276	15
277	276	4
283	276	1
187	278	1
244	281	2
13	2	2
30	2	14
223	3	2
69	4	1
108	5	2
110	5	2
136	5	2
90	6	1
223	11	10
14	17	6
15	18	1
14	21	1
16	21	7
39	21	3
239	22	1
8	23	4
57	23	4
62	23	1
31	32	1
37	32	4
5	34	8
49	34	4
90	34	4
61	40	1
22	43	8
47	43	4
131	43	4
209	43	4
230	43	25
265	43	18
57	45	2
5	46	8
5	47	14
60	48	1
61	48	2
49	51	1
16	52	2
56	57	1
15	72	2
20	72	2
208	72	2
211	72	6
81	73	1
17	75	1
100	83	4
202	85	6
175	96	8
255	97	1
136	98	1
207	101	10
86	102	1
225	110	1
15	112	5
100	113	2
0	114	2
115	116	2
225	116	1
15	119	2
176	124	2
208	130	2
222	130	5
19	131	1
212	131	2
106	138	3
118	141	2
143	144	14
217	144	1
283	144	1
3	150	5
116	158	3
117	159	2
153	159	1
3	161	1
11	161	12
141	163	1
203	171	2
204	171	1
11	173	2
117	173	6
2	179	1
141	180	1
179	180	1
11	182	2
258	183	1
170	184	2
77	189	1
242	189	1
224	190	4
110	192	2
116	192	1
206	193	3
2	195	6
237	199	1
217	202	1
203	206	9
235	211	3
206	220	1
215	224	5
96	226	1
231	233	7
274	233	1
236	237	1
141	244	3
171	264	5
151	267	2
191	270	7
282	275	2
