15	0	6
101	0	4
107	0	9
112	0	11
123	0	1
134	0	7
139	0	3
140	0	3
192	0	1
194	0	2
213	0	1
240	0	2
6	1	2
20	1	3
71	1	3
83	1	25
86	1	1
98	1	1
110	1	2
113	1	1
120	1	2
169	1	4
171	1	10
193	1	7
200	1	3
238	1	3
254	1	6
256	1	7
6	2	4
26	2	4
49	2	1
62	2	1
64	2	3
85	2	3
90	2	6
91	2	2
100	2	1
110	2	1
1	3	48
8	3	2
13	3	5
40	3	2
51	3	1
52	3	5
66	3	1
83	3	3
86	3	3
89	3	6
98	3	3
101	3	4
108	3	2
124	3	1
148	3	1
186	3	1
202	3	1
203	3	3
225	3	1
126	4	3
12	5	1
106	5	4
0	6	3
57	6	1
106	6	4
4	7	9
51	8	2
104	8	2
192	8	5
194	8	3
0	9	1
4	9	1
114	9	4
134	9	12
4	10	1
53	10	1
0	11	2
2	11	48
4	11	3
10	11	2
19	11	5
85	11	25
92	11	1
115	11	2
118	11	2
124	11	7
128	11	13
131	11	1
136	11	3
200	11	5
202	11	2
210	11	15
238	11	2
254	11	9
256	11	7
260	11	5
10	12	6
13	12	3
69	12	1
99	12	12
115	12	4
119	12	3
137	12	2
200	12	3
9	13	5
17	13	7
52	13	2
131	13	1
89	14	2
11	15	3
14	16	2
18	16	2
69	16	6
62	17	2
61	18	8
61	19	1
64	19	1
70	19	1
14	20	4
31	20	1
54	20	1
56	20	1
68	20	1
82	20	1
120	20	1
15	21	1
70	21	2
100	21	2
115	21	1
5	22	12
14	22	3
16	22	11
74	22	2
14	23	1
208	24	2
14	25	2
69	25	4
109	27	1
149	27	2
30	28	1
90	28	1
26	30	11
66	30	2
120	30	1
210	30	1
26	31	3
28	32	8
29	32	14
41	32	3
51	32	3
56	32	12
58	32	5
60	32	3
62	33	1
76	33	1
17	34	1
54	34	4
55	34	1
215	34	1
26	35	2
67	35	1
26	36	2
68	36	1
212	36	1
26	37	1
29	37	3
91	38	3
126	38	1
133	38	1
53	39	7
70	39	4
16	40	1
70	40	1
82	40	1
39	41	2
170	41	2
183	41	1
216	41	2
5	42	5
31	42	3
33	42	1
49	42	1
70	42	3
92	42	4
16	43	10
28	43	10
33	43	4
34	43	10
40	43	10
44	43	8
45	43	9
46	43	11
48	43	14
50	43	11
59	43	10
73	43	3
74	43	3
86	43	3
92	43	5
95	43	1
132	43	5
141	43	24
154	43	15
157	43	15
158	43	10
161	43	29
163	43	29
165	43	29
166	43	29
174	43	10
181	43	10
188	43	25
190	43	25
194	43	5
195	43	10
196	43	8
226	43	8
229	43	22
237	43	10
244	43	8
245	43	30
250	43	1
252	43	22
253	43	18
263	43	18
264	43	18
266	43	18
267	43	25
268	43	25
270	43	25
271	43	15
274	43	29
277	43	22
278	43	10
279	43	18
282	43	8
283	43	11
284	43	1
285	43	1
288	43	1
290	43	1
291	43	1
293	43	1
49	44	1
5	45	9
12	45	10
30	45	3
44	45	8
49	45	4
60	45	1
208	45	1
30	46	3
33	46	2
40	46	1
92	46	1
23	47	1
30	47	1
51	47	1
61	47	1
66	47	2
89	47	5
92	47	3
209	47	2
213	47	1
29	48	2
31	48	1
35	48	1
56	48	2
58	48	1
69	48	5
5	49	1
28	49	1
37	49	1
65	49	1
25	50	1
29	50	3
49	50	2
55	50	1
65	50	2
69	50	2
29	51	1
68	51	7
86	51	1
102	51	2
58	54	3
61	54	6
70	54	6
30	57	8
66	57	1
89	57	2
239	57	1
18	58	5
29	58	4
31	58	8
56	58	1
61	58	9
62	58	2
69	58	2
56	59	1
95	59	1
56	60	3
57	60	1
61	62	4
66	62	2
58	63	1
61	63	2
65	63	1
69	63	1
103	63	5
111	63	3
208	63	1
92	64	1
30	65	3
58	65	6
32	67	2
58	67	3
65	67	1
57	68	3
65	68	2
18	69	2
17	70	4
62	70	1
215	70	3
5	71	1
17	71	2
94	71	1
111	71	4
132	71	4
136	71	1
212	71	1
221	71	3
6	72	1
17	72	3
30	72	1
75	72	1
81	72	4
89	72	1
113	72	3
12	73	10
19	73	4
30	73	1
63	73	1
75	73	2
129	73	3
210	73	6
5	74	11
13	74	2
17	74	4
19	74	1
52	74	4
89	74	1
105	74	2
217	74	1
20	76	2
30	76	3
89	76	1
235	76	1
54	77	3
205	77	1
171	78	1
18	79	3
62	80	1
62	82	1
0	83	3
41	83	4
51	83	1
82	83	1
97	83	4
110	83	3
115	83	6
118	83	1
120	83	1
122	83	1
124	83	4
128	83	4
129	83	2
136	83	1
171	83	9
192	83	1
200	83	4
214	83	10
225	83	4
20	84	1
57	84	1
136	84	2
194	84	1
217	84	1
1	85	2
41	85	3
52	85	1
68	85	1
83	85	4
100	85	5
105	85	4
109	85	2
113	85	3
117	85	1
118	85	5
124	85	16
128	85	5
148	85	2
171	85	6
197	85	2
203	85	3
223	85	2
240	85	4
57	86	1
66	86	2
213	86	1
12	87	1
68	87	1
68	88	1
70	88	1
104	88	1
122	88	1
235	88	1
238	89	2
58	90	1
15	91	1
71	92	1
130	92	1
144	92	1
205	94	4
124	95	5
171	95	4
95	96	1
166	96	1
194	96	4
249	96	1
250	96	1
253	96	15
277	96	9
279	96	15
41	97	2
64	97	2
66	97	1
100	97	4
203	97	7
204	97	2
214	97	2
225	97	1
51	98	5
104	98	3
133	98	1
115	99	3
92	100	1
112	100	1
7	101	2
9	101	13
102	101	6
190	101	2
7	102	2
99	102	2
104	102	3
109	102	2
115	102	1
138	102	1
99	103	2
101	103	7
122	103	1
148	103	1
138	104	3
66	105	1
86	105	1
104	105	1
108	105	1
121	105	1
98	106	1
114	106	12
127	106	11
141	107	1
190	107	1
104	108	3
190	108	2
204	108	2
104	109	6
190	109	2
104	110	2
108	110	1
33	111	1
104	111	2
109	111	1
136	111	2
221	111	5
115	112	7
137	112	2
13	113	5
27	113	2
71	113	1
92	113	1
108	113	3
119	113	1
121	113	12
128	113	2
223	113	1
112	114	6
120	114	1
15	115	2
141	115	2
2	116	1
15	116	1
85	116	3
86	116	1
120	116	5
128	116	6
148	116	1
171	116	6
183	116	1
197	116	1
223	116	10
1	117	72
83	117	3
115	117	4
116	117	4
120	117	2
124	117	6
148	117	1
169	117	2
200	117	1
202	117	2
203	117	6
215	117	1
225	117	1
256	117	1
41	118	2
86	118	1
129	118	1
148	118	1
200	118	1
219	118	1
190	119	2
114	121	4
120	121	11
137	121	4
147	121	7
118	122	2
148	122	2
227	122	1
228	122	1
258	122	1
114	123	2
120	123	4
121	123	3
134	123	2
135	123	2
1	124	37
110	124	5
116	124	4
118	124	4
200	124	1
204	124	1
205	124	4
215	124	4
257	124	2
139	126	1
133	127	5
138	127	9
0	128	2
62	128	3
19	129	2
89	129	5
107	129	4
110	129	1
130	129	5
136	129	1
197	129	1
204	129	4
217	129	3
113	130	1
89	131	3
115	131	1
214	131	2
113	132	2
223	132	1
133	134	2
138	134	1
101	136	4
107	136	2
128	136	1
216	136	3
217	136	1
240	136	3
247	136	3
260	136	5
9	137	14
134	137	4
142	137	1
121	138	1
146	138	1
148	139	2
112	140	14
115	140	1
135	140	2
144	140	4
190	140	1
9	141	1
108	141	1
145	141	1
149	141	2
198	141	2
283	141	1
110	144	1
122	144	2
148	144	1
225	144	1
149	145	2
147	146	4
197	147	2
225	147	1
140	148	4
146	149	3
1	150	1
11	150	1
83	150	1
124	150	1
11	151	4
83	151	2
116	151	2
117	151	2
252	152	1
1	153	3
124	153	2
171	153	2
229	153	1
1	154	2
2	154	1
11	154	2
83	154	2
85	154	2
83	155	2
85	155	2
116	155	1
117	155	1
1	156	4
85	156	1
141	156	1
190	156	1
1	157	2
83	157	2
2	158	12
3	158	12
11	158	4
117	158	3
150	158	1
205	158	2
218	158	2
11	159	4
116	159	2
124	159	1
3	160	4
11	160	9
117	160	6
154	160	1
116	161	4
156	161	1
83	162	1
117	162	3
141	162	2
157	162	1
161	162	1
1	163	2
11	163	2
271	163	1
1	164	7
151	164	1
163	164	1
276	164	2
11	165	14
96	165	3
116	165	1
152	165	1
194	165	2
227	165	1
1	166	5
41	166	1
152	166	1
165	166	1
176	166	5
249	166	1
258	166	6
1	167	2
2	167	2
3	167	2
11	167	3
124	167	5
1	168	2
141	168	1
11	169	10
171	169	1
11	170	2
124	170	3
217	170	4
3	171	2
11	171	36
110	171	7
206	171	2
215	171	2
258	171	8
141	172	1
190	172	1
3	173	17
186	173	7
11	174	10
83	174	1
245	174	1
1	175	14
11	175	14
116	175	1
1	176	2
11	176	2
136	176	1
175	176	2
253	176	1
255	176	1
1	177	3
3	177	2
236	177	1
2	178	5
117	178	3
132	178	1
3	179	1
83	179	1
116	180	1
2	181	1
11	181	4
116	181	2
141	181	1
180	181	1
190	181	1
283	182	1
1	183	12
124	183	1
171	184	3
260	184	5
1	185	2
190	185	3
83	186	1
85	186	1
110	186	5
144	186	1
147	186	1
194	186	2
202	186	4
206	186	4
85	187	1
2	188	1
3	188	1
85	188	1
154	188	18
155	188	2
159	188	6
167	188	1
178	188	2
203	188	2
206	188	2
231	188	9
232	188	1
244	188	1
36	189	1
78	189	1
80	189	1
85	189	6
87	189	1
170	189	4
185	189	1
194	189	5
202	189	3
203	189	2
206	189	2
212	189	5
216	189	1
217	189	5
225	189	2
241	189	1
246	189	1
295	189	1
102	190	1
112	190	3
116	191	1
124	191	7
136	191	1
7	192	6
117	192	1
147	192	1
282	192	2
116	193	1
147	194	1
282	194	2
132	195	4
3	196	1
132	196	1
177	196	3
229	196	9
97	197	2
122	197	4
204	197	1
224	197	1
118	198	5
149	198	2
197	198	5
206	198	1
282	198	1
122	199	1
159	199	1
197	199	1
244	199	1
281	199	1
136	200	4
141	201	2
148	201	4
149	201	3
198	201	9
243	201	1
200	202	2
214	202	3
94	203	4
141	203	2
249	203	1
118	204	2
141	204	4
147	204	1
212	205	1
169	206	1
12	208	5
19	208	1
74	208	3
19	209	1
129	209	2
131	209	1
194	209	4
210	209	2
129	210	12
131	210	5
136	210	1
234	210	3
136	211	1
47	212	1
89	212	1
192	212	2
194	212	7
209	212	1
213	212	1
71	213	1
194	213	2
238	213	1
62	214	1
92	215	2
148	215	1
214	215	2
170	216	11
217	216	1
41	217	1
66	217	1
184	217	22
209	217	3
213	217	4
186	218	1
199	218	2
203	218	2
206	218	2
229	218	4
231	218	1
236	218	19
244	218	2
281	218	1
171	219	2
203	219	3
166	220	1
176	220	3
103	221	1
111	222	3
66	223	4
203	224	4
205	224	3
198	225	2
201	225	3
206	225	3
152	226	16
166	226	23
201	226	1
283	226	1
225	228	4
227	228	11
155	230	16
156	230	2
161	230	23
179	230	1
180	230	3
229	230	7
231	230	22
232	230	1
244	230	2
110	232	1
202	232	1
203	232	1
231	232	4
237	232	4
262	232	6
156	233	16
168	233	1
196	236	8
190	237	2
203	237	2
281	237	1
215	238	2
94	239	6
94	240	1
141	243	5
190	243	10
203	244	1
206	244	1
170	245	1
278	245	1
151	248	16
152	248	2
175	248	3
252	248	22
194	249	1
203	251	2
136	252	2
176	252	4
124	253	1
136	253	2
171	253	1
124	255	2
169	255	1
206	255	3
227	256	4
171	261	1
171	262	4
124	263	1
124	265	3
171	265	3
124	266	2
171	266	2
252	267	9
276	267	1
277	267	7
161	268	1
168	268	9
191	268	22
244	268	3
269	268	2
277	268	1
269	270	16
275	270	1
277	270	9
163	272	23
271	272	16
275	272	1
180	274	8
181	274	8
187	275	8
191	275	9
244	275	10
266	275	6
277	276	4
280	276	15
283	276	1
187	278	1
244	281	2
243	282	3
13	2	2
30	3	1
223	3	2
69	4	1
108	5	2
110	5	2
122	7	1
194	7	2
1	11	6
94	11	5
4	13	4
75	13	1
14	15	1
14	17	6
15	18	1
67	20	1
14	21	1
39	21	3
41	21	4
239	22	1
8	23	4
57	23	4
62	23	1
39	42	6
22	43	8
131	43	4
175	43	10
199	43	8
209	43	4
230	43	25
243	43	10
5	46	8
129	46	2
5	47	14
37	48	2
60	48	1
68	49	3
16	52	2
194	63	1
15	72	2
211	72	6
81	73	1
17	75	1
90	77	1
60	81	1
100	83	4
202	83	5
223	83	4
197	84	2
57	87	1
175	96	8
136	98	1
62	100	1
119	101	7
207	101	10
134	104	1
15	112	5
100	113	2
15	114	3
115	116	2
225	116	1
197	118	4
176	124	2
71	131	5
102	136	4
106	138	3
118	141	2
143	144	14
217	144	1
283	144	1
3	150	5
11	152	9
231	154	1
116	158	3
3	159	6
3	161	1
141	163	1
124	171	4
202	171	4
203	171	2
204	171	1
11	173	2
117	173	6
2	179	1
258	183	1
170	184	2
97	185	1
83	188	1
229	188	22
77	189	1
242	189	1
149	190	1
2	195	6
190	201	7
217	202	1
203	206	9
190	214	3
62	224	5
96	226	1
203	230	4
41	231	1
206	232	1
231	233	7
274	233	1
7	234	1
206	251	2
244	251	1
171	264	5
278	275	8
