15	0	6
107	0	9
112	0	11
115	0	5
123	0	1
134	0	7
135	0	1
137	0	1
139	0	3
140	0	3
194	0	2
213	0	1
19	1	6
62	1	3
71	1	3
86	1	1
88	1	1
97	1	2
108	1	5
110	1	2
120	1	2
128	1	18
192	1	7
193	1	7
200	1	3
202	1	2
203	1	6
206	1	6
223	1	4
224	1	2
247	1	27
254	1	6
256	1	7
4	2	4
7	2	1
26	2	4
57	2	5
61	2	1
62	2	1
64	2	3
81	2	2
85	2	3
89	2	8
90	2	6
92	2	2
97	2	4
100	2	1
105	2	1
110	2	1
113	2	1
136	2	8
171	2	3
212	2	2
215	2	1
238	2	1
40	3	2
52	3	5
75	3	3
83	3	3
86	3	3
91	3	2
108	3	2
124	3	1
136	3	6
202	3	1
203	3	3
206	3	3
212	3	1
225	3	1
8	4	1
58	4	1
102	4	1
126	4	3
29	5	2
51	5	4
90	5	1
98	5	10
102	5	1
104	5	12
107	5	7
134	5	1
208	5	2
8	6	1
30	6	10
57	6	1
59	6	1
98	6	12
106	6	4
133	6	2
1	7	1
66	7	7
62	8	6
66	8	4
104	8	2
110	8	1
192	8	5
0	9	1
4	9	1
114	9	4
125	9	7
134	9	12
135	9	2
99	10	3
102	10	1
0	11	2
2	11	48
4	11	3
10	11	2
13	11	1
20	11	5
66	11	5
85	11	25
90	11	1
92	11	1
110	11	1
124	11	7
130	11	5
136	11	3
183	11	3
200	11	5
210	11	15
225	11	3
238	11	2
240	11	2
254	11	9
256	11	7
260	11	5
4	12	4
10	12	6
58	12	12
69	12	1
101	12	7
113	12	1
119	12	3
136	12	1
137	12	2
7	13	1
9	13	5
17	13	7
52	13	2
53	13	1
70	13	2
131	13	1
192	13	1
215	14	1
11	15	3
17	16	1
18	16	2
41	16	1
69	16	6
18	19	1
26	19	2
57	19	4
61	19	1
64	19	1
67	19	1
120	19	1
14	20	4
26	20	4
51	20	1
54	20	1
56	20	1
238	20	1
15	21	1
18	21	2
53	21	9
55	21	3
58	21	5
100	21	2
5	22	12
12	22	10
14	22	3
16	22	11
17	22	7
40	22	3
47	22	1
52	22	4
67	22	3
89	22	1
90	22	1
208	22	1
240	23	2
5	24	1
14	24	2
82	24	1
92	24	1
14	25	2
5	26	1
58	26	2
239	26	1
26	27	1
109	27	1
133	27	1
26	28	2
30	28	1
41	28	1
26	29	1
89	30	1
210	30	1
26	31	3
29	31	3
51	31	1
26	32	1
28	32	8
41	32	3
60	32	3
105	32	1
5	33	3
62	33	1
76	33	1
26	34	2
28	34	11
46	34	1
55	34	1
75	34	4
7	35	3
26	35	2
67	35	1
68	36	1
212	36	1
26	37	1
58	38	1
91	38	3
126	38	1
133	38	1
144	38	1
148	38	2
149	38	1
53	39	7
62	40	1
70	40	1
39	41	2
76	41	1
124	41	1
205	41	3
17	42	1
31	42	3
33	42	1
40	42	4
70	42	3
75	42	5
86	42	1
16	43	10
25	43	9
28	43	10
33	43	4
35	43	7
39	43	4
42	43	7
44	43	8
45	43	9
46	43	11
48	43	14
50	43	11
72	43	3
73	43	3
76	43	2
84	43	9
86	43	3
88	43	9
95	43	1
96	43	29
111	43	4
129	43	4
132	43	5
141	43	24
150	43	1
151	43	15
153	43	15
155	43	15
156	43	15
159	43	29
160	43	29
161	43	29
162	43	29
163	43	29
166	43	29
167	43	22
168	43	22
174	43	10
176	43	14
178	43	31
180	43	10
181	43	10
186	43	6
187	43	10
188	43	25
190	43	25
191	43	22
194	43	5
195	43	10
196	43	8
198	43	2
203	43	7
208	43	5
213	43	5
220	43	8
226	43	8
229	43	22
236	43	23
248	43	8
249	43	1
250	43	1
252	43	22
262	43	18
266	43	18
267	43	25
268	43	25
269	43	15
270	43	25
271	43	15
273	43	15
274	43	29
276	43	29
277	43	22
278	43	10
279	43	18
280	43	18
282	43	8
284	43	1
285	43	1
286	43	1
287	43	1
288	43	1
289	43	1
291	43	1
293	43	1
41	44	1
49	44	1
56	44	7
12	45	10
18	45	4
40	45	2
44	45	8
49	45	4
60	45	1
81	45	4
86	45	4
12	46	11
17	46	2
33	46	2
61	46	3
62	46	2
65	46	1
86	46	3
89	46	2
92	46	1
131	46	1
12	47	10
23	47	1
61	47	1
66	47	2
86	47	3
89	47	5
92	47	3
208	47	1
209	47	2
213	47	1
29	48	2
30	48	2
31	48	1
53	48	4
56	48	2
58	48	1
69	48	5
5	49	1
28	49	1
37	49	1
65	49	1
17	50	2
29	50	3
49	50	2
69	50	2
68	51	7
86	51	1
104	51	1
53	54	2
61	54	6
58	57	1
66	57	1
89	57	2
239	57	1
6	58	5
52	58	1
61	58	9
62	58	2
69	58	2
194	58	1
60	59	1
88	59	4
56	60	3
94	60	1
66	62	2
29	63	3
37	63	2
58	63	1
65	63	1
69	63	1
103	63	5
111	63	3
82	64	4
102	64	5
1	66	2
94	66	1
57	67	5
58	67	3
65	67	1
57	68	3
65	68	2
18	69	2
58	70	1
17	71	2
33	71	3
132	71	4
136	71	1
212	71	1
5	72	7
6	72	1
17	72	3
89	72	1
113	72	3
129	72	2
217	72	1
0	73	1
5	73	11
19	73	4
20	73	3
30	73	1
33	73	1
63	73	1
75	73	2
76	73	4
131	73	5
210	73	6
13	74	2
17	74	4
52	74	4
72	74	3
89	74	1
70	75	2
12	76	6
30	76	3
90	76	3
131	76	1
234	76	1
124	77	2
205	77	1
90	78	1
62	80	1
57	81	1
62	82	1
41	83	4
51	83	1
82	83	1
105	83	3
110	83	3
116	83	1
119	83	1
120	83	1
122	83	1
124	83	4
129	83	2
171	83	9
192	83	1
198	83	1
201	83	5
225	83	4
240	83	5
20	84	1
62	84	1
107	84	5
194	84	1
217	84	1
234	84	2
13	85	1
52	85	1
68	85	1
83	85	4
92	85	2
100	85	5
105	85	4
113	85	3
117	85	1
118	85	5
120	85	2
131	85	3
171	85	6
197	85	2
198	85	8
200	85	5
203	85	3
204	85	16
206	85	3
214	85	1
223	85	2
57	86	1
66	86	2
68	86	1
141	86	1
213	86	1
5	87	1
12	87	1
68	87	1
19	88	2
70	88	1
101	88	4
104	88	1
136	88	3
52	89	1
70	89	2
118	89	2
238	89	2
58	90	1
89	90	1
62	92	3
70	92	4
130	92	1
144	92	1
62	93	1
70	93	1
57	94	1
126	95	1
171	95	4
95	96	1
164	96	1
194	96	4
249	96	1
250	96	1
252	96	4
253	96	15
277	96	9
279	96	15
15	97	2
64	97	2
66	97	1
100	97	4
149	97	1
183	97	1
203	97	7
204	97	2
214	97	2
224	97	1
225	97	1
51	98	5
104	98	3
115	99	3
99	100	1
112	100	1
202	100	1
9	101	13
58	101	6
102	101	6
141	101	1
7	102	2
109	102	2
115	102	1
122	102	3
101	103	7
122	103	1
136	103	3
148	103	1
20	105	1
104	105	1
121	105	1
98	106	1
114	106	12
123	106	9
127	106	11
134	106	6
7	107	1
8	107	2
104	107	8
106	107	6
190	107	1
86	108	3
190	108	2
197	109	1
108	110	1
194	110	2
33	111	1
109	111	1
136	111	2
101	112	4
115	112	7
134	112	4
137	112	2
144	112	6
27	113	2
92	113	1
119	113	1
123	113	3
141	113	1
194	113	5
209	113	1
238	113	1
112	114	6
126	114	3
135	114	1
141	115	2
190	115	1
11	116	72
15	116	1
108	116	5
118	116	3
148	116	1
171	116	6
190	116	3
223	116	10
254	116	1
256	116	1
260	116	4
10	117	1
13	117	1
83	117	3
115	117	4
116	117	4
128	117	14
200	117	1
206	117	6
215	117	1
15	118	1
41	118	2
94	118	2
97	118	1
105	118	3
129	118	1
148	118	1
200	118	1
206	118	3
141	119	1
27	121	10
107	121	2
108	121	9
114	121	4
142	121	3
147	121	7
149	121	4
118	122	2
120	122	3
198	122	5
214	122	1
227	122	1
258	122	1
9	123	5
120	123	4
121	123	3
1	124	37
2	124	3
94	124	2
97	124	2
110	124	5
116	124	4
118	124	4
200	124	1
204	124	1
205	124	4
215	124	4
216	124	2
223	124	2
224	124	2
254	124	13
256	124	6
257	124	2
139	126	1
114	127	2
133	127	5
138	127	9
0	128	2
66	128	3
171	128	1
0	129	16
19	129	2
71	129	5
89	129	5
107	129	4
110	129	1
113	129	1
130	129	5
136	129	1
141	129	1
214	129	1
217	129	3
0	130	2
103	130	3
132	130	9
224	130	2
89	131	3
100	131	3
101	131	3
115	131	1
190	131	2
214	131	2
217	131	3
136	132	1
223	132	1
101	134	1
138	134	1
207	134	4
101	136	4
128	136	1
170	136	61
171	136	4
228	136	2
247	136	3
257	136	5
258	136	7
9	137	14
123	137	2
134	137	4
135	137	2
142	137	1
114	138	3
121	138	1
146	138	1
148	139	2
207	139	1
112	140	14
115	140	1
135	140	2
190	140	1
9	141	1
94	141	9
108	141	1
198	141	2
260	141	2
283	141	1
97	144	1
122	144	2
148	144	1
198	144	1
201	144	2
225	144	1
145	146	4
118	147	1
145	147	13
197	147	2
1	150	1
83	150	1
116	150	1
117	150	1
124	150	1
171	150	1
186	150	1
11	151	4
85	151	2
116	151	2
1	152	9
117	152	2
176	152	2
252	152	1
2	153	2
3	153	2
124	153	2
171	153	2
229	153	1
2	154	1
11	154	2
83	154	2
85	154	2
11	155	2
83	155	2
116	155	1
117	155	1
167	155	1
85	156	1
116	156	1
141	156	1
190	156	1
11	157	2
83	157	2
85	157	2
191	157	1
1	158	4
2	158	12
3	158	12
150	158	1
205	158	2
2	159	6
11	159	4
116	159	2
171	159	1
186	159	1
1	160	9
3	160	4
152	160	1
154	160	1
116	161	4
156	161	1
160	161	1
1	162	9
11	162	9
116	162	3
117	162	3
161	162	1
190	162	1
1	163	2
162	163	1
271	163	1
1	164	7
163	164	1
276	164	2
1	165	14
96	165	3
116	165	1
152	165	1
164	165	1
176	165	3
194	165	2
227	165	1
1	166	5
11	166	5
116	166	1
117	166	1
152	166	1
165	166	1
249	166	1
1	167	2
2	167	2
136	167	3
1	168	2
11	168	2
136	168	1
141	168	1
171	168	3
11	169	10
176	169	2
257	169	1
11	170	2
217	170	4
3	171	2
41	171	2
110	171	7
117	171	2
176	171	3
183	171	3
205	171	6
225	171	1
258	171	8
260	171	1
2	172	8
116	172	3
132	172	1
186	172	5
3	173	17
118	173	1
186	173	7
1	174	10
83	174	1
245	174	1
1	175	14
11	175	14
116	175	1
117	175	1
174	175	1
1	176	2
11	176	2
136	176	1
253	176	1
254	176	2
256	176	1
257	176	1
258	176	1
2	177	2
3	177	2
11	177	3
132	177	1
236	177	1
1	178	4
3	178	5
11	178	4
117	178	3
132	178	1
177	178	1
1	180	6
11	180	6
116	180	1
117	180	1
1	181	4
2	181	1
3	181	1
117	181	2
180	181	1
190	181	1
176	182	12
1	183	12
117	183	6
124	183	1
1	184	2
41	184	3
198	184	1
212	184	4
116	185	6
190	185	3
83	186	1
85	186	1
110	186	5
144	186	1
147	186	1
171	186	1
283	186	1
83	187	1
2	188	1
154	188	18
159	188	6
160	188	23
167	188	1
178	188	2
206	188	2
232	188	1
244	188	1
24	189	1
79	189	1
80	189	1
87	189	1
93	189	1
110	189	3
184	189	4
185	189	1
194	189	5
206	189	2
212	189	5
216	189	1
241	189	1
246	189	1
247	189	1
251	189	1
295	189	1
85	190	1
97	190	1
106	190	1
112	190	3
141	190	4
259	190	2
124	191	7
136	191	1
147	192	1
202	192	2
243	192	2
116	193	1
183	193	1
2	194	1
144	194	1
147	194	1
243	194	1
282	194	2
3	195	6
132	195	4
158	196	1
177	196	3
178	196	3
218	196	1
229	196	9
231	196	1
244	196	1
94	197	1
97	197	2
110	197	4
122	197	4
148	197	1
224	197	1
227	197	1
118	198	5
147	198	1
148	198	1
149	198	2
186	198	2
150	199	1
159	199	1
197	199	1
229	199	1
244	199	1
102	200	1
122	200	1
136	200	4
122	201	11
141	201	2
148	201	4
198	201	9
227	201	3
282	201	1
200	202	2
118	203	4
141	203	2
249	203	1
118	204	2
138	204	2
141	204	4
147	204	1
203	204	1
206	204	1
97	205	2
216	205	1
94	206	7
169	206	1
224	206	1
9	207	4
12	208	5
19	208	1
62	208	1
74	208	3
105	208	1
19	209	1
131	209	1
194	209	4
131	210	5
136	210	1
88	211	2
129	211	4
131	211	6
136	211	1
7	212	1
8	212	4
47	212	1
194	212	7
213	212	1
7	213	1
46	213	6
71	213	1
192	213	2
238	213	1
112	214	1
148	214	1
92	215	2
148	215	1
214	215	2
212	216	12
66	217	1
192	217	1
209	217	3
144	218	1
159	218	1
177	218	8
186	218	1
195	218	8
203	218	2
206	218	2
229	218	4
231	218	1
236	218	19
244	218	2
186	219	1
166	220	1
176	220	3
186	220	3
203	220	1
283	220	1
103	221	1
111	222	3
66	223	4
100	223	1
128	223	2
205	224	3
198	225	2
201	225	3
203	225	3
206	225	3
252	226	7
225	227	7
225	228	4
156	230	2
161	230	23
206	230	4
232	230	1
237	230	2
124	231	4
136	231	1
171	231	4
110	232	1
160	232	3
167	232	4
178	232	11
179	232	8
202	232	1
203	232	1
231	232	4
237	232	4
261	232	15
262	232	6
283	232	1
161	233	6
167	233	22
168	233	1
180	233	2
191	233	9
244	233	4
86	235	1
196	236	8
190	237	2
203	237	2
206	237	2
215	238	2
94	239	6
141	243	5
190	243	10
283	243	1
203	244	1
170	245	1
184	245	1
278	245	1
246	247	2
152	248	2
283	248	1
203	251	2
255	251	3
136	252	2
171	252	4
176	252	4
169	254	1
228	254	1
124	255	2
169	255	1
183	255	1
254	256	2
258	257	1
124	261	1
124	262	4
171	262	4
124	264	5
124	265	3
163	267	1
245	267	2
252	267	9
273	267	16
157	268	16
161	268	1
277	268	1
168	269	1
244	270	5
269	270	16
271	270	2
275	270	1
168	271	1
163	272	23
168	272	7
245	272	3
252	272	1
277	272	22
161	274	3
167	274	9
181	274	8
191	274	4
262	274	15
263	274	15
162	275	1
191	275	9
244	275	10
264	275	15
283	275	1
168	276	9
174	276	8
245	276	8
283	276	1
187	278	1
244	281	2
243	282	3
244	282	1
141	0	1
15	1	4
100	1	1
30	2	14
70	3	5
108	5	2
122	7	1
137	11	1
223	11	10
62	12	1
4	13	4
14	15	1
15	18	1
67	20	1
14	21	1
16	21	7
39	21	3
239	22	1
8	23	4
57	23	4
62	23	1
31	32	1
37	32	4
49	34	4
90	34	4
147	38	1
39	42	6
90	42	3
22	43	8
47	43	4
60	43	6
131	43	4
230	43	25
233	43	25
243	43	10
265	43	18
281	43	4
22	45	17
52	45	2
57	45	2
5	46	8
129	46	2
131	47	3
37	48	2
60	48	1
16	52	2
56	57	1
194	63	1
61	64	2
208	72	2
81	73	1
17	75	1
90	77	1
60	81	1
205	83	6
223	83	4
119	84	1
197	84	2
108	85	3
202	85	6
57	87	1
136	98	1
62	100	1
207	100	1
207	101	10
8	102	1
86	102	1
100	113	2
137	113	1
115	116	2
225	116	1
176	124	2
208	130	2
222	130	5
19	131	1
102	136	4
118	141	2
143	144	14
228	144	2
229	150	1
153	159	1
11	161	12
141	163	1
202	171	4
203	171	2
1	172	1
11	173	2
117	173	6
219	176	1
116	178	3
85	179	1
178	179	1
179	180	1
11	182	2
258	183	1
136	184	63
229	188	22
77	189	1
223	189	3
242	189	1
149	190	1
206	193	3
2	195	6
158	199	1
237	199	1
110	200	1
190	201	7
203	206	9
129	212	2
206	220	1
215	224	5
96	226	1
41	231	1
231	233	7
274	233	1
7	234	1
236	237	1
141	244	3
206	251	2
244	251	1
228	256	5
171	264	5
151	267	2
191	270	7
244	274	4
278	275	8
