15	0	6
112	0	11
139	0	3
140	0	3
192	0	1
194	0	2
86	1	1
98	1	1
108	1	5
113	1	1
169	1	4
192	1	7
200	1	3
202	1	2
211	1	11
219	1	1
223	1	4
225	1	1
238	1	3
256	1	7
10	2	4
49	2	1
57	2	5
61	2	1
62	2	1
85	2	3
89	2	8
105	2	1
110	2	1
113	2	1
212	2	2
215	2	1
1	3	48
7	3	2
14	3	3
52	3	5
66	3	1
75	3	3
91	3	2
107	3	1
108	3	2
136	3	6
186	3	1
203	3	3
212	3	1
58	4	1
102	4	1
126	4	3
200	4	2
6	5	2
29	5	2
51	5	4
90	5	1
98	5	10
102	5	1
104	5	12
106	5	4
107	5	7
8	6	1
59	6	1
89	6	6
133	6	2
1	7	1
64	7	2
66	7	7
202	7	2
51	8	2
62	8	6
104	8	2
110	8	1
114	9	4
125	9	7
135	9	2
4	10	1
64	10	7
99	10	3
102	10	1
0	11	2
2	11	48
62	11	2
85	11	25
90	11	1
92	11	1
118	11	2
124	11	7
128	11	13
129	11	2
131	11	1
193	11	7
210	11	15
225	11	3
240	11	2
256	11	7
257	11	1
58	12	12
64	12	8
99	12	12
101	12	7
113	12	1
119	12	3
136	12	1
137	12	2
200	12	3
9	13	5
52	13	2
58	13	5
215	14	1
11	15	3
240	15	1
17	16	1
41	16	1
69	16	6
62	17	2
14	18	5
99	18	1
18	19	1
26	19	2
57	19	4
61	19	1
70	19	1
120	19	1
14	20	4
26	20	4
54	20	1
56	20	1
70	20	3
82	20	1
25	21	3
55	21	3
100	21	2
5	22	12
12	22	10
14	22	3
16	22	11
17	22	7
40	22	3
42	22	1
52	22	4
208	22	1
14	23	1
240	23	2
82	24	1
92	24	1
14	25	2
5	26	1
58	26	2
89	26	1
239	26	1
133	27	1
149	27	2
26	28	2
41	28	1
90	28	1
28	29	6
210	30	1
29	31	3
51	31	1
65	31	7
26	32	1
28	32	8
29	32	14
44	32	7
56	32	12
58	32	5
60	32	3
105	32	1
204	32	1
5	33	3
26	34	2
30	34	10
54	34	4
82	34	1
215	34	1
7	35	3
26	35	2
70	35	4
235	35	1
240	35	1
26	36	2
68	36	1
212	36	1
26	37	1
29	37	3
26	38	1
144	38	1
148	38	2
224	38	1
55	39	2
70	39	4
39	40	2
70	40	1
76	41	1
124	41	1
183	41	1
216	41	2
5	42	5
12	42	7
31	42	3
49	42	1
70	42	3
75	42	5
86	42	1
92	42	4
16	43	10
23	43	8
25	43	9
34	43	10
45	43	9
49	43	12
55	43	6
59	43	10
63	43	5
72	43	3
76	43	2
96	43	29
103	43	4
111	43	4
129	43	4
132	43	5
151	43	15
152	43	15
153	43	15
155	43	15
158	43	10
160	43	29
161	43	29
167	43	22
168	43	22
179	43	10
186	43	6
190	43	25
203	43	7
206	43	7
213	43	5
229	43	22
231	43	22
237	43	10
244	43	8
249	43	1
253	43	18
262	43	18
266	43	18
267	43	25
269	43	15
270	43	25
274	43	29
276	43	29
277	43	22
278	43	10
279	43	18
280	43	18
283	43	11
284	43	1
285	43	1
286	43	1
287	43	1
290	43	1
291	43	1
292	43	1
293	43	1
40	45	2
44	45	8
81	45	4
208	45	1
12	46	11
17	46	2
30	46	3
49	46	4
62	46	2
65	46	1
89	46	2
131	46	1
12	47	10
30	47	1
40	47	3
51	47	1
68	47	1
92	47	3
129	47	1
209	47	2
213	47	1
35	48	1
53	48	4
56	48	2
69	48	5
5	49	1
28	49	1
57	49	1
65	49	1
17	50	2
55	50	1
65	50	2
69	50	2
29	51	1
68	51	7
86	51	1
21	54	2
61	54	6
30	57	8
239	57	1
6	58	5
18	58	5
52	58	1
69	58	2
194	58	1
84	59	3
56	60	3
57	60	1
66	62	2
94	62	1
25	63	2
29	63	3
58	63	1
61	63	2
103	63	5
82	64	4
58	65	6
65	66	2
94	66	1
205	66	3
57	67	5
58	67	3
57	68	3
18	69	2
17	70	4
58	70	1
215	70	3
111	71	4
19	72	3
75	72	1
81	72	4
89	72	1
113	72	3
129	72	2
217	72	1
0	73	1
5	73	11
12	73	10
20	73	3
75	73	2
129	73	3
235	73	1
5	74	11
13	74	2
17	74	4
19	74	1
30	74	3
89	74	1
217	74	1
70	75	2
5	76	20
12	76	6
20	76	2
30	76	3
90	76	3
100	76	2
131	76	1
235	76	1
52	77	1
54	77	3
124	77	2
205	77	1
67	78	2
90	78	1
171	78	1
18	79	3
62	80	1
70	82	3
51	83	1
64	83	2
82	83	1
105	83	3
115	83	6
116	83	1
122	83	1
128	83	4
129	83	2
171	83	9
192	83	1
198	83	1
201	83	5
204	83	1
225	83	4
20	84	1
62	84	1
82	84	1
107	84	5
217	84	1
234	84	2
1	85	2
13	85	1
41	85	3
100	85	5
109	85	2
110	85	7
113	85	3
117	85	1
118	85	5
124	85	16
128	85	5
200	85	5
203	85	3
57	86	1
149	86	2
68	87	1
68	88	1
104	88	1
122	88	1
235	88	1
70	89	2
118	89	2
124	89	2
238	89	2
58	90	1
89	90	1
15	91	1
5	93	1
70	93	1
57	94	1
205	95	1
164	96	1
166	96	1
186	96	2
194	96	4
250	96	1
277	96	9
15	97	2
100	97	4
149	97	1
204	97	2
51	98	5
58	98	1
115	99	3
119	99	8
202	100	1
7	101	2
9	101	13
102	101	6
141	101	1
190	101	2
99	102	2
104	102	3
109	102	2
115	102	1
122	102	3
92	103	2
99	103	2
101	103	7
136	103	3
148	103	1
222	103	6
58	104	1
138	104	3
197	104	3
86	105	1
108	105	1
121	105	1
98	106	1
104	106	2
114	106	12
8	107	2
190	107	1
86	108	3
104	108	3
104	110	2
204	110	4
33	111	1
104	111	2
107	111	3
136	111	2
221	111	5
101	112	4
115	112	7
126	112	2
144	112	6
27	113	2
92	113	1
101	113	7
108	113	3
114	113	7
121	113	12
123	113	3
128	113	2
134	113	3
141	113	1
238	113	1
112	114	6
11	116	72
15	116	1
85	116	3
108	116	5
128	116	6
141	116	3
223	116	10
254	116	1
1	117	72
15	117	4
115	117	4
116	117	4
128	117	14
203	117	6
206	117	6
215	117	1
219	117	1
256	117	1
15	118	1
41	118	2
148	118	1
169	118	1
206	118	3
141	119	1
190	119	2
27	121	10
137	121	4
146	121	11
120	122	3
198	122	5
214	122	1
228	122	1
258	122	1
9	123	5
112	123	1
114	123	2
120	123	4
121	123	3
1	124	37
2	124	3
94	124	2
110	124	5
118	124	4
120	124	2
205	124	4
216	124	2
223	124	2
225	124	1
254	124	13
256	124	6
114	125	3
207	125	5
114	127	2
133	127	5
0	128	2
238	128	1
71	129	5
107	129	4
110	129	1
113	129	1
130	129	5
204	129	4
0	130	2
132	130	9
217	130	1
100	131	3
101	131	3
115	131	1
132	131	1
214	131	2
113	132	2
223	132	1
101	134	1
133	134	2
142	134	2
207	134	4
101	135	2
107	136	2
124	136	9
128	136	1
171	136	4
216	136	3
227	136	2
228	136	2
247	136	3
257	136	5
123	137	2
134	137	4
135	137	2
142	137	1
114	138	3
121	138	1
112	139	10
148	139	2
207	139	1
92	140	1
112	140	14
139	140	1
144	140	4
83	141	1
94	141	9
108	141	1
145	141	1
149	141	2
283	141	1
110	144	1
148	144	1
198	144	1
225	144	1
149	145	2
145	146	4
212	147	1
244	147	3
112	148	7
1	150	1
2	150	5
85	150	1
116	150	1
11	151	4
83	151	2
116	151	2
117	151	2
1	152	9
116	152	2
11	153	3
124	153	2
171	153	2
1	154	2
2	154	1
11	154	2
83	154	2
1	155	2
85	155	2
116	155	1
11	156	4
85	156	1
191	156	1
1	157	2
83	157	2
85	157	2
191	157	1
2	158	12
3	158	12
11	158	4
117	158	3
150	158	1
218	158	2
1	159	4
2	159	6
11	159	4
116	159	2
171	159	1
186	159	1
116	160	6
154	160	1
2	161	1
117	161	4
160	161	1
1	162	9
83	162	1
85	162	1
116	162	3
117	162	3
157	162	1
161	162	1
11	163	2
162	163	1
271	163	1
1	164	7
163	164	1
1	165	14
11	165	14
96	165	3
152	165	1
176	165	3
194	165	2
116	166	1
117	166	1
152	166	1
176	166	5
249	166	1
258	166	6
1	167	2
136	167	3
171	167	5
1	168	2
141	168	1
11	169	10
116	169	7
193	169	1
257	169	1
124	170	3
217	170	4
3	171	2
11	171	36
94	171	2
110	171	7
117	171	2
118	171	3
176	171	3
183	171	3
205	171	6
258	171	8
2	172	8
132	172	1
141	172	1
186	172	5
190	172	1
3	173	17
83	174	1
85	174	1
245	174	1
11	175	14
117	175	1
174	175	1
1	176	2
175	176	2
257	176	1
258	176	1
3	177	2
116	177	1
132	177	1
172	177	1
2	178	5
11	178	4
117	178	3
132	178	1
1	179	4
3	179	1
11	180	6
3	181	1
11	181	4
117	181	2
141	181	1
190	181	1
1	184	2
171	184	3
198	184	1
212	184	4
260	184	5
1	185	2
141	185	3
190	185	3
85	186	1
89	186	2
110	186	5
124	186	1
147	186	1
203	186	4
83	187	1
85	187	1
181	187	1
154	188	18
155	188	2
159	188	6
160	188	23
206	188	2
232	188	1
244	188	1
36	189	1
79	189	1
93	189	1
170	189	4
184	189	4
185	189	1
246	189	1
247	189	1
112	190	3
141	190	4
124	191	7
136	191	1
117	192	1
144	192	1
147	192	1
243	192	2
116	193	1
117	193	24
183	193	1
3	194	1
225	194	1
243	194	1
2	196	1
3	196	1
132	196	1
154	196	4
159	196	23
177	196	3
218	196	1
231	196	1
244	196	1
110	197	4
122	197	4
148	197	1
204	197	1
118	198	5
206	198	1
122	199	1
144	199	1
147	199	1
150	199	1
159	199	1
195	199	5
197	199	1
229	199	1
244	199	1
281	199	1
97	201	5
141	201	2
148	201	4
149	201	3
198	201	9
243	201	1
214	202	3
141	203	2
193	203	4
249	203	1
121	204	2
138	204	2
147	204	1
203	204	1
206	204	1
97	205	2
216	205	1
97	206	8
169	206	1
224	206	1
9	207	4
12	208	5
19	208	1
131	209	1
194	209	4
131	210	5
136	210	1
88	211	2
129	211	4
136	211	1
7	212	1
8	212	4
47	212	1
89	212	1
170	212	22
194	212	7
7	213	1
46	213	6
71	213	1
132	213	2
62	214	1
112	214	1
92	215	2
214	215	2
170	216	11
217	216	1
8	217	1
66	217	1
89	217	3
184	217	22
192	217	1
209	217	3
213	217	4
132	218	1
144	218	1
195	218	8
203	218	2
206	218	2
229	218	4
231	218	1
236	218	19
244	218	2
281	218	1
186	219	1
103	221	1
66	223	4
100	223	1
128	223	2
203	224	4
193	225	1
198	225	2
206	225	3
152	226	16
164	226	1
165	226	23
166	226	23
283	226	1
225	227	7
227	228	11
155	230	16
156	230	2
160	230	6
161	230	23
179	230	1
180	230	3
191	230	1
232	230	1
237	230	2
124	231	4
110	232	1
202	232	1
244	232	4
261	232	15
283	232	1
161	233	6
168	233	1
180	233	2
191	233	9
92	234	1
86	235	1
196	236	8
141	237	5
244	237	1
281	237	1
215	238	2
94	239	6
283	243	1
243	244	1
184	245	1
278	245	1
151	248	16
164	248	23
175	248	3
252	248	22
283	248	1
194	249	1
219	251	3
124	252	4
171	252	4
176	252	4
124	253	1
136	253	2
169	254	1
227	254	5
124	255	2
183	255	1
206	255	3
254	256	2
124	261	1
171	262	4
124	263	1
124	265	3
171	265	3
124	266	2
171	266	2
163	267	1
245	267	2
252	267	9
273	267	16
277	267	7
283	267	1
157	268	16
162	268	23
168	268	9
244	268	3
269	268	2
274	268	1
162	270	1
187	270	2
269	270	16
271	270	2
277	270	9
283	270	1
168	271	1
245	272	3
271	272	16
273	272	2
277	272	22
283	272	1
277	273	1
181	274	8
191	274	4
262	274	15
283	274	1
162	275	1
163	275	3
168	275	4
187	275	8
264	275	15
265	275	15
283	275	1
168	276	9
266	276	15
277	276	4
279	276	6
280	276	15
283	276	1
244	281	2
244	282	1
126	0	2
141	0	1
30	3	1
70	3	5
81	3	2
223	3	2
136	5	2
90	6	1
122	7	1
1	11	6
137	11	1
223	11	10
62	12	1
75	13	1
15	18	1
14	21	1
16	21	7
39	21	3
49	34	4
90	34	4
61	40	1
39	42	6
90	42	3
22	43	8
47	43	4
201	43	2
233	43	25
265	43	18
275	43	29
52	45	2
57	45	2
129	46	2
46	47	3
49	47	1
61	48	2
68	49	3
49	51	1
194	63	1
15	72	2
20	72	2
100	83	4
205	83	6
223	83	4
119	84	1
197	84	2
108	85	3
202	85	6
175	96	8
255	97	1
62	100	1
207	100	1
119	101	7
102	107	5
109	107	4
100	113	2
0	114	2
225	116	1
15	119	2
176	124	2
247	124	28
212	131	2
201	132	1
118	141	2
3	150	5
229	150	1
3	154	1
116	158	3
3	161	1
141	163	1
202	171	4
117	173	6
219	176	1
2	179	1
85	179	1
178	179	1
136	184	63
97	185	1
83	188	1
229	188	22
77	189	1
242	189	1
224	190	4
110	192	2
235	211	3
129	212	2
190	214	3
96	220	1
215	224	5
236	232	1
231	233	7
7	234	1
244	251	1
171	264	5
191	270	7
244	274	4
278	275	8
282	275	2
