101	0	4
112	0	11
123	0	1
139	0	3
194	0	2
213	0	1
19	1	6
20	1	3
62	1	3
97	1	2
110	1	2
113	1	1
193	1	7
203	1	6
206	1	6
211	1	11
219	1	1
223	1	4
224	1	2
238	1	3
254	1	6
6	2	4
7	2	1
10	2	4
26	2	4
61	2	1
64	2	3
81	2	2
85	2	3
91	2	2
92	2	2
97	2	4
100	2	1
105	2	1
113	2	1
171	2	3
212	2	2
215	2	1
238	2	1
1	3	48
8	3	2
40	3	2
52	3	5
66	3	1
75	3	3
101	3	4
107	3	1
136	3	6
148	3	1
202	3	1
206	3	3
212	3	1
225	3	1
58	4	1
126	4	3
200	4	2
6	5	2
29	5	2
90	5	1
98	5	10
102	5	1
106	5	4
208	5	2
0	6	3
8	6	1
30	6	10
81	6	1
106	6	4
133	6	2
51	8	2
62	8	6
110	8	1
194	8	3
114	9	4
125	9	7
134	9	12
135	9	2
64	10	7
0	11	2
2	11	48
19	11	5
20	11	5
62	11	2
85	11	25
115	11	2
128	11	13
131	11	1
183	11	3
192	11	5
210	11	15
225	11	3
238	11	2
240	11	2
246	11	27
4	12	4
52	12	1
58	12	12
64	12	8
69	12	1
101	12	7
115	12	4
136	12	1
137	12	2
10	13	10
17	13	7
52	13	2
53	13	1
59	13	1
70	13	2
89	13	3
126	13	1
58	14	1
215	14	1
14	16	2
18	16	2
41	16	1
69	16	6
62	17	2
14	18	5
14	19	6
18	19	1
61	19	1
14	20	4
26	20	4
51	20	1
56	20	1
68	20	1
70	20	3
82	20	1
120	20	1
238	20	1
18	21	2
25	21	3
58	21	5
69	21	11
70	21	2
12	22	10
14	22	3
17	22	7
49	22	3
52	22	4
67	22	3
208	22	1
14	23	1
240	23	2
14	24	2
208	24	2
14	25	2
69	25	4
5	26	1
89	26	1
239	26	1
109	27	1
149	27	2
30	28	1
31	28	1
41	28	1
26	29	1
28	29	6
66	30	2
89	30	1
120	30	1
26	31	3
29	31	3
65	31	7
28	32	8
58	32	5
12	33	3
26	33	1
17	34	1
30	34	10
54	34	4
75	34	4
76	34	1
235	35	1
240	35	1
26	36	2
33	36	3
68	36	1
212	36	1
58	38	1
91	38	3
126	38	1
133	38	1
149	38	1
224	38	1
70	40	1
82	40	1
39	41	2
76	41	1
170	41	2
183	41	1
37	42	1
49	42	1
16	43	10
23	43	8
28	43	10
34	43	10
35	43	7
45	43	9
48	43	14
49	43	12
50	43	11
72	43	3
73	43	3
76	43	2
84	43	9
86	43	3
88	43	9
92	43	5
95	43	1
96	43	29
141	43	24
150	43	1
153	43	15
154	43	15
155	43	15
156	43	15
157	43	15
159	43	29
161	43	29
164	43	29
165	43	29
178	43	31
181	43	10
182	43	8
186	43	6
190	43	25
194	43	5
195	43	10
203	43	7
206	43	7
208	43	5
229	43	22
237	43	10
245	43	30
263	43	18
264	43	18
267	43	25
268	43	25
269	43	15
270	43	25
273	43	15
276	43	29
278	43	10
282	43	8
283	43	11
284	43	1
287	43	1
290	43	1
292	43	1
293	43	1
49	44	1
56	44	7
5	45	9
40	45	2
81	45	4
86	45	4
12	46	11
30	46	3
33	46	2
40	46	1
49	46	4
61	46	3
62	46	2
65	46	1
86	46	3
89	46	2
131	46	1
12	47	10
23	47	1
51	47	1
61	47	1
66	47	2
68	47	1
208	47	1
209	47	2
25	48	1
29	48	2
30	48	2
31	48	1
53	48	4
58	48	1
69	48	5
5	49	1
28	49	1
17	50	2
49	50	2
53	50	4
55	50	1
56	50	3
68	51	7
102	51	2
104	51	1
21	54	2
53	54	2
53	55	3
224	55	1
30	57	8
58	57	1
89	57	2
29	58	4
61	58	9
62	58	2
66	58	1
69	58	2
56	59	1
60	59	1
84	59	3
88	59	4
94	60	1
66	62	2
25	63	2
29	63	3
37	63	2
103	63	5
111	63	3
208	63	1
92	64	1
102	64	5
200	64	1
1	66	2
65	66	2
94	66	1
205	66	3
32	67	2
57	67	5
58	67	3
65	67	1
17	70	4
215	70	3
0	71	2
33	71	3
94	71	1
111	71	4
132	71	4
212	71	1
17	72	3
30	72	1
129	72	2
17	73	4
30	73	1
33	73	1
129	73	3
131	73	5
210	73	6
217	73	2
235	73	1
20	74	1
72	74	3
70	75	2
12	76	6
20	76	2
89	76	1
100	76	2
52	77	1
92	77	2
205	77	1
45	78	1
171	78	1
31	80	3
57	81	1
0	83	3
11	83	2
64	83	2
82	83	1
105	83	3
110	83	3
115	83	6
118	83	1
119	83	1
120	83	1
122	83	1
124	83	4
128	83	4
129	83	2
131	83	2
136	83	1
171	83	9
200	83	4
201	83	5
225	83	4
240	83	5
20	84	1
57	84	1
62	84	1
107	84	5
194	84	1
41	85	3
51	85	1
68	85	1
86	85	1
92	85	2
97	85	1
105	85	4
117	85	1
118	85	5
128	85	5
129	85	5
148	85	2
171	85	6
200	85	5
203	85	3
204	85	16
205	85	5
206	85	3
214	85	1
240	85	4
66	86	2
141	86	1
149	86	2
213	86	1
5	87	1
12	87	1
239	87	1
19	88	2
68	88	1
122	88	1
235	88	1
58	90	1
89	90	1
62	92	3
70	92	4
5	93	1
205	94	4
124	95	5
126	95	1
164	96	1
186	96	2
194	96	4
250	96	1
252	96	4
279	96	15
41	97	2
100	97	4
120	97	2
204	97	2
214	97	2
224	97	1
51	98	5
58	98	1
104	98	3
133	98	1
115	99	3
119	99	8
112	100	1
58	101	6
99	101	13
102	101	6
190	101	2
7	102	2
104	102	3
122	102	3
197	102	3
99	103	2
101	103	7
136	103	3
148	103	1
58	104	1
86	105	1
108	105	1
98	106	1
104	106	2
127	106	11
7	107	1
8	107	2
58	107	4
106	107	6
138	107	7
141	107	1
86	108	3
190	109	2
197	109	1
108	110	1
33	111	1
104	111	2
107	111	3
197	111	2
115	112	7
126	112	2
134	112	4
137	112	2
144	112	6
15	113	1
71	113	1
92	113	1
101	113	7
107	113	1
114	113	7
128	113	2
192	113	3
238	113	1
112	114	6
120	114	1
135	114	1
190	115	1
2	116	1
11	116	72
15	116	1
85	116	3
86	116	1
118	116	3
128	116	6
141	116	3
171	116	6
183	116	1
200	116	1
223	116	10
254	116	1
256	116	1
1	117	72
3	117	1
10	117	1
13	117	1
15	117	4
97	117	4
108	117	1
122	117	1
128	117	14
149	117	1
169	117	2
203	117	6
206	117	6
223	117	2
225	117	1
41	118	2
86	118	1
94	118	2
105	118	3
129	118	1
148	118	1
169	118	1
200	118	1
206	118	3
219	118	1
141	119	1
108	121	9
114	121	4
120	121	11
146	121	11
147	121	7
149	121	4
9	123	5
121	123	3
134	123	2
142	123	2
1	124	37
97	124	2
110	124	5
200	124	1
204	124	1
205	124	4
215	124	4
254	124	13
256	124	6
207	125	5
139	126	1
133	127	5
138	127	9
62	128	3
66	128	3
171	128	1
19	129	2
71	129	5
89	129	5
110	129	1
113	129	1
130	129	5
136	129	1
197	129	1
204	129	4
214	129	1
217	129	3
103	130	3
113	130	1
132	130	9
224	130	2
113	131	14
115	131	1
132	131	1
217	131	3
223	132	1
101	134	1
135	134	1
138	134	1
207	134	4
101	135	2
107	136	2
128	136	1
170	136	61
171	136	4
212	136	1
217	136	1
227	136	2
246	136	3
247	136	3
258	136	7
9	137	14
114	137	1
134	137	4
142	137	1
114	138	3
121	138	1
207	139	1
92	140	1
112	140	14
115	140	1
139	140	1
144	140	4
83	141	1
94	141	9
108	141	1
145	141	1
198	141	2
281	141	1
140	143	5
97	144	1
110	144	1
148	144	1
198	144	1
201	144	2
225	144	1
190	145	1
141	147	2
202	147	1
225	147	1
112	148	7
2	150	5
11	150	1
85	150	1
116	150	1
117	150	1
171	150	1
83	151	2
116	152	2
117	152	2
176	152	2
1	153	3
2	153	2
3	153	2
11	153	3
171	153	2
229	153	1
1	154	2
11	154	2
83	155	2
85	155	2
11	156	4
83	156	1
85	156	1
83	157	2
85	157	2
191	157	1
11	158	4
117	158	3
150	158	1
205	158	2
2	159	6
11	159	4
116	159	2
11	160	9
116	160	6
117	160	6
2	161	1
116	161	4
117	161	4
156	161	1
160	161	1
85	162	1
116	162	3
117	162	3
141	162	2
162	163	1
271	163	1
11	164	7
151	164	1
1	165	14
11	165	14
96	165	3
116	165	1
176	165	3
227	165	1
41	166	1
116	166	1
117	166	1
165	166	1
176	166	5
1	167	2
3	167	2
41	167	1
1	168	2
136	168	1
11	169	10
116	169	7
171	169	1
257	169	1
11	170	2
11	171	36
176	171	3
205	171	6
215	171	2
225	171	1
239	171	2
246	171	28
258	171	8
2	172	8
11	172	1
41	172	1
116	172	3
117	172	3
132	172	1
190	172	1
186	173	7
1	174	10
11	174	10
11	175	14
225	175	2
11	176	2
136	176	1
253	176	1
2	177	2
11	177	3
116	177	1
117	177	1
172	177	1
236	177	1
1	178	4
3	178	5
11	178	4
177	178	1
11	179	4
83	179	1
1	180	6
11	180	6
11	181	4
116	181	2
180	181	1
190	181	1
117	183	6
124	183	1
1	184	2
171	184	3
198	184	1
260	184	5
116	185	6
190	185	3
89	186	2
110	186	5
124	186	1
147	186	1
171	186	1
194	186	2
201	186	1
203	186	4
244	186	1
181	187	1
3	188	1
85	188	1
155	188	2
160	188	23
167	188	1
206	188	2
24	189	1
36	189	1
78	189	1
83	189	6
85	189	6
87	189	1
110	189	3
173	189	1
194	189	5
202	189	3
206	189	2
216	189	1
225	189	2
241	189	1
247	189	1
251	189	1
294	189	1
295	189	1
85	190	1
97	190	1
141	190	4
116	191	1
124	191	7
171	191	7
117	192	1
202	192	2
243	192	2
282	192	2
117	193	24
2	194	1
3	194	1
144	194	1
192	194	6
282	194	2
3	195	6
132	195	4
2	196	1
3	196	1
154	196	4
158	196	1
159	196	23
244	196	1
94	197	1
97	197	2
122	197	4
148	197	1
227	197	1
147	198	1
149	198	2
243	198	1
144	199	1
159	199	1
177	199	1
244	199	1
281	199	1
136	200	4
171	200	3
97	201	5
122	201	11
141	201	2
149	201	3
243	201	1
122	202	6
94	203	4
118	203	4
141	203	2
193	203	4
118	204	2
203	204	1
94	206	7
169	206	1
224	206	1
9	207	4
74	208	3
19	209	1
129	209	2
131	209	1
131	210	5
136	210	1
234	210	3
66	211	1
88	211	2
129	211	4
8	212	4
47	212	1
194	212	7
209	212	1
213	212	1
7	213	1
71	213	1
192	213	2
194	213	2
62	214	1
92	215	2
214	215	2
212	216	12
8	217	1
89	217	3
184	217	22
132	218	1
147	218	1
159	218	1
177	218	8
186	218	1
195	218	8
199	218	2
203	218	2
206	218	2
281	218	1
171	219	2
186	219	1
203	219	3
176	220	3
186	220	3
203	220	1
103	221	1
111	222	3
100	223	1
128	223	2
203	224	4
203	225	3
152	226	16
166	226	23
175	226	2
198	226	1
201	226	1
252	226	7
225	228	4
227	228	11
167	230	9
206	230	4
229	230	7
244	230	2
110	232	1
160	232	3
178	232	11
179	232	8
203	232	1
231	232	4
237	232	4
244	232	4
262	232	6
283	232	1
156	233	16
167	233	22
180	233	2
244	233	4
92	234	1
86	235	1
188	236	6
196	236	8
141	237	5
206	237	2
244	237	1
94	240	1
141	243	5
190	243	10
203	244	1
206	244	1
243	244	1
184	245	1
246	247	2
164	248	23
175	248	3
252	248	22
283	248	1
219	251	3
255	251	3
124	252	4
136	252	2
124	255	2
183	255	1
219	255	2
227	256	4
254	256	2
171	262	4
124	263	1
124	266	2
252	267	9
273	267	16
276	267	1
277	267	7
168	268	9
244	268	3
269	268	2
274	268	1
162	270	1
244	270	5
269	270	16
168	271	1
245	272	3
273	272	2
161	274	3
167	274	9
262	274	15
264	274	6
191	275	9
266	275	6
174	276	8
245	276	8
280	276	15
244	282	1
100	0	1
15	1	4
100	1	1
107	2	4
17	3	19
70	3	5
69	4	1
108	5	2
136	5	2
90	6	1
194	7	2
94	11	5
62	12	1
14	15	1
14	17	6
67	20	1
14	21	1
39	21	3
239	22	1
31	32	1
37	32	4
5	34	8
49	34	4
147	38	1
61	40	1
90	42	3
47	43	4
60	43	6
175	43	10
209	43	4
230	43	25
233	43	25
265	43	18
275	43	29
52	45	2
57	45	2
68	46	1
46	47	3
49	47	1
131	47	3
60	48	1
61	48	2
15	72	2
208	72	2
211	72	6
81	73	1
60	81	1
205	83	6
223	83	4
202	85	6
57	87	1
175	96	8
136	98	1
119	101	7
207	101	10
8	102	1
109	107	4
225	110	1
137	113	1
15	114	3
225	116	1
197	118	4
176	124	2
247	124	28
71	131	5
106	138	3
118	141	2
143	144	14
283	144	1
3	150	5
117	159	2
153	159	1
3	161	1
11	161	12
117	165	1
202	171	4
11	173	2
116	178	3
141	180	1
179	180	1
1	182	2
11	182	2
258	183	1
136	184	63
97	185	1
229	188	22
77	189	1
242	189	1
206	193	3
2	195	6
158	199	1
237	199	1
190	201	7
217	202	1
235	211	3
215	224	5
96	226	1
206	232	1
231	233	7
7	234	1
206	251	2
244	251	1
228	256	5
191	270	7
282	275	2
