15	0	6
101	0	4
112	0	11
115	0	5
134	0	7
137	0	1
139	0	3
140	0	3
213	0	1
6	1	2
83	1	25
97	1	2
110	1	2
113	1	1
128	1	18
200	1	3
203	1	6
211	1	11
219	1	1
224	1	2
238	1	3
254	1	6
4	2	4
6	2	4
10	2	4
26	2	4
49	2	1
81	2	2
90	2	6
92	2	2
97	2	4
113	2	1
136	2	8
171	2	3
223	2	3
238	2	1
1	3	48
7	3	2
8	3	2
14	3	3
83	3	3
86	3	3
89	3	6
108	3	2
118	3	4
186	3	1
202	3	1
225	3	1
102	4	1
200	4	2
6	5	2
12	5	1
102	5	1
106	5	4
134	5	1
8	6	1
30	6	10
57	6	1
129	6	1
133	6	2
1	7	1
51	8	2
62	8	6
66	8	4
192	8	5
0	9	1
4	9	1
114	9	4
135	9	2
53	10	1
64	10	7
99	10	3
0	11	2
10	11	2
20	11	5
66	11	5
84	11	1
90	11	1
92	11	1
118	11	2
130	11	5
131	11	1
136	11	3
192	11	5
193	11	7
200	11	5
202	11	2
210	11	15
225	11	3
238	11	2
255	11	1
256	11	7
260	11	5
13	12	3
52	12	1
58	12	12
64	12	8
69	12	1
99	12	12
101	12	7
115	12	4
119	12	3
137	12	2
7	13	1
9	13	5
10	13	10
17	13	7
52	13	2
59	13	1
70	13	2
89	13	3
126	13	1
133	13	1
58	14	1
89	14	2
11	15	3
14	16	2
41	16	1
69	16	6
61	18	8
99	18	1
18	19	1
26	19	2
57	19	4
64	19	1
14	20	4
26	20	4
56	20	1
57	20	2
70	20	3
120	20	1
18	21	2
69	21	11
70	21	2
115	21	1
12	22	10
16	22	11
17	22	7
49	22	3
52	22	4
57	22	1
81	22	2
89	22	1
208	22	1
14	23	1
240	23	2
92	24	1
14	25	2
5	26	1
58	26	2
26	27	1
133	27	1
26	28	2
30	28	1
90	28	1
28	29	6
89	30	1
120	30	1
210	30	1
26	31	3
51	31	1
26	32	1
29	32	14
41	32	3
51	32	3
105	32	1
26	33	1
62	33	1
76	33	1
12	34	6
17	34	1
28	34	11
30	34	10
46	34	1
54	34	4
55	34	1
75	34	4
82	34	1
7	35	3
67	35	1
235	35	1
240	35	1
51	36	1
212	36	1
29	37	3
65	37	1
58	38	1
148	38	2
224	38	1
53	39	7
16	40	1
39	40	2
70	40	1
82	40	1
76	41	1
124	41	1
170	41	2
183	41	1
205	41	3
12	42	7
33	42	1
34	42	16
75	42	5
86	42	1
16	43	10
34	43	10
37	43	9
49	43	12
50	43	11
55	43	6
59	43	10
63	43	5
72	43	3
74	43	3
86	43	3
88	43	9
95	43	1
111	43	4
152	43	15
153	43	15
154	43	15
155	43	15
156	43	15
158	43	10
160	43	29
164	43	29
166	43	29
174	43	10
176	43	14
180	43	10
186	43	6
198	43	2
206	43	7
218	43	29
229	43	22
232	43	29
237	43	10
248	43	8
249	43	1
250	43	1
262	43	18
266	43	18
268	43	25
269	43	15
270	43	25
271	43	15
277	43	22
286	43	1
292	43	1
293	43	1
30	44	3
41	44	1
49	44	1
56	44	7
5	45	9
30	45	3
44	45	8
60	45	1
17	46	2
30	46	3
61	46	3
65	46	1
86	46	3
131	46	1
12	47	10
23	47	1
30	47	1
40	47	3
51	47	1
66	47	2
68	47	1
129	47	1
58	48	1
28	49	1
57	49	1
17	50	2
25	50	1
29	50	3
53	50	4
56	50	3
65	50	2
68	51	7
102	51	2
58	54	3
61	54	6
70	55	2
224	55	1
58	57	1
66	57	1
29	58	4
52	58	1
61	58	9
62	58	2
66	58	1
84	59	3
95	59	1
57	60	1
61	62	4
66	62	2
37	63	2
61	63	2
69	63	1
111	63	3
82	64	4
102	64	5
200	64	1
30	65	3
58	65	6
1	66	2
94	66	1
205	66	3
57	67	5
58	67	3
57	68	3
18	69	2
17	70	4
58	70	1
62	70	1
215	70	3
0	71	2
33	71	3
94	71	1
132	71	4
136	71	1
221	71	3
5	72	7
17	72	3
19	72	3
30	72	1
75	72	1
113	72	3
129	72	2
17	73	4
20	73	3
33	73	1
75	73	2
76	73	4
89	73	1
129	73	3
210	73	6
19	74	1
20	74	1
30	74	3
72	74	3
89	74	1
5	76	20
12	76	6
20	76	2
30	76	3
90	76	3
100	76	2
54	77	3
92	77	2
67	78	2
171	78	1
62	80	1
62	82	1
70	82	3
15	83	1
82	83	1
105	83	3
110	83	3
118	83	1
119	83	1
122	83	1
129	83	2
136	83	1
198	83	1
212	83	1
214	83	10
225	83	4
57	84	1
62	84	1
107	84	5
194	84	1
234	84	2
41	85	3
68	85	1
83	85	4
105	85	4
109	85	2
110	85	7
113	85	3
117	85	1
118	85	5
120	85	2
124	85	16
128	85	5
131	85	3
148	85	2
197	85	2
198	85	8
203	85	3
205	85	5
223	85	2
240	85	4
66	86	2
68	86	1
213	86	1
12	87	1
68	87	1
239	87	1
19	88	2
70	88	1
101	88	4
104	88	1
235	88	1
118	89	2
238	89	2
58	90	1
89	90	1
15	91	1
62	92	3
70	92	4
71	92	1
130	92	1
144	92	1
5	93	1
62	93	1
70	93	1
171	95	4
95	96	1
166	96	1
176	96	2
186	96	2
277	96	9
15	97	2
64	97	2
100	97	4
120	97	2
149	97	1
203	97	7
214	97	2
51	98	5
115	99	3
119	99	8
99	100	1
202	100	1
7	101	2
9	101	13
58	101	6
99	101	13
102	101	6
115	102	1
138	102	1
197	102	3
92	103	2
99	103	2
136	103	3
222	103	6
104	105	1
98	106	1
104	106	2
114	106	12
123	106	9
134	106	6
7	107	1
104	107	8
190	107	1
204	108	2
104	109	6
197	109	1
108	110	1
204	110	4
33	111	1
107	111	3
197	111	2
221	111	5
126	112	2
137	112	2
144	112	6
13	113	5
15	113	1
108	113	3
119	113	1
121	113	12
141	113	1
209	113	1
126	114	3
135	114	1
15	115	2
190	115	1
11	116	72
85	116	3
86	116	1
128	116	6
148	116	1
197	116	1
200	116	1
254	116	1
255	116	1
260	116	4
3	117	1
15	117	4
66	117	1
83	117	3
97	117	4
115	117	4
120	117	2
124	117	6
148	117	1
200	117	1
206	117	6
219	117	1
223	117	2
86	118	1
94	118	2
105	118	3
129	118	1
148	118	1
169	118	1
190	118	2
200	118	1
206	118	3
219	118	1
190	119	2
207	119	1
137	121	4
142	121	3
147	121	7
149	121	4
148	122	2
198	122	5
258	122	1
112	123	1
120	123	4
121	123	3
134	123	2
135	123	2
142	123	2
94	124	2
97	124	2
116	124	4
215	124	4
225	124	1
254	124	13
256	124	6
114	125	3
125	126	6
139	126	1
0	128	2
0	129	16
105	129	5
107	129	4
130	129	5
136	129	1
141	129	1
204	129	4
214	129	1
217	129	3
113	130	1
89	131	3
101	131	3
113	131	14
130	131	3
132	131	1
190	131	2
214	131	2
217	131	3
136	132	1
223	132	1
138	134	1
207	134	4
124	136	9
170	136	61
217	136	1
227	136	2
228	136	2
240	136	3
246	136	3
247	136	3
260	136	5
114	137	1
134	137	4
135	137	2
142	137	1
114	138	3
148	139	2
207	139	1
112	140	14
115	140	1
135	140	2
144	140	4
190	140	1
9	141	1
94	141	9
145	141	1
198	141	2
260	141	2
97	144	1
122	144	2
201	144	2
225	144	1
149	145	2
145	146	4
147	146	4
118	147	1
141	147	2
145	147	13
197	147	2
212	147	1
225	147	1
112	148	7
140	148	4
146	149	3
116	150	1
124	150	1
1	151	4
11	151	4
83	151	2
85	151	2
117	152	2
176	152	2
124	153	2
1	154	2
2	154	1
1	155	2
11	155	2
85	155	2
117	155	1
116	156	1
117	156	1
190	156	1
11	157	2
85	157	2
191	157	1
1	158	4
2	158	12
11	158	4
150	158	1
11	159	4
116	159	2
124	159	1
186	159	1
2	160	4
116	160	6
117	160	6
154	160	1
116	161	4
160	161	1
116	162	3
141	162	2
157	162	1
1	163	2
11	163	2
1	164	7
11	165	14
96	165	3
152	165	1
164	165	1
194	165	2
227	165	1
116	166	1
117	166	1
152	166	1
165	166	1
176	166	5
258	166	6
1	167	2
3	167	2
11	167	3
124	167	5
11	168	2
124	168	3
136	168	1
141	168	1
116	169	7
171	169	1
176	169	2
193	169	1
257	169	1
11	170	2
124	170	3
201	170	1
217	170	4
3	171	2
11	171	36
110	171	7
118	171	3
176	171	3
215	171	2
239	171	2
246	171	28
256	171	3
258	171	8
3	172	8
11	172	1
116	172	3
117	172	3
132	172	1
141	172	1
186	172	5
190	172	1
186	173	7
1	174	10
85	174	1
1	175	14
11	175	14
174	175	1
1	176	2
136	176	1
253	176	1
254	176	2
255	176	1
256	176	1
257	176	1
258	176	1
116	177	1
117	177	1
172	177	1
195	177	1
1	178	4
2	178	5
11	178	4
117	178	3
132	178	1
3	179	1
11	179	4
1	180	6
116	180	1
117	180	1
2	181	1
141	181	1
180	181	1
190	181	1
283	182	1
124	183	1
1	184	2
41	184	3
198	184	1
116	185	6
124	186	1
144	186	1
147	186	1
171	186	1
194	186	2
203	186	4
206	186	4
283	186	1
85	187	1
181	187	1
2	188	1
85	188	1
155	188	2
159	188	6
160	188	23
178	188	2
203	188	2
232	188	1
244	188	1
83	189	6
87	189	1
110	189	3
170	189	4
184	189	4
194	189	5
206	189	2
212	189	5
225	189	2
246	189	1
102	190	1
106	190	1
116	191	1
117	191	1
124	191	7
171	191	7
7	192	6
147	192	1
202	192	2
117	193	24
2	194	1
3	194	1
147	194	1
192	194	6
225	194	1
243	194	1
3	195	6
132	195	4
158	196	1
159	196	23
177	196	3
231	196	1
97	197	2
148	197	1
204	197	1
118	198	5
147	198	1
149	198	2
186	198	2
203	198	1
206	198	1
243	198	1
122	199	1
144	199	1
150	199	1
159	199	1
177	199	1
195	199	5
281	199	1
102	200	1
171	200	3
97	201	5
122	201	11
148	201	4
227	201	3
282	201	1
214	202	3
225	202	1
141	203	2
193	203	4
121	204	2
138	204	2
141	204	4
149	204	1
212	205	1
224	206	1
9	207	4
19	208	1
129	209	2
131	209	1
194	209	4
88	211	2
129	211	4
136	211	1
47	212	1
170	212	22
192	212	2
194	212	7
209	212	1
213	212	1
46	213	6
71	213	1
192	213	2
238	213	1
148	214	1
92	215	2
148	215	1
170	216	11
184	216	1
217	216	1
66	217	1
89	217	3
184	217	22
192	217	1
147	218	1
159	218	1
195	218	8
231	218	1
236	218	19
244	218	2
203	219	3
166	220	1
186	220	3
203	220	1
103	221	1
111	222	3
66	223	4
100	223	1
205	224	3
193	225	1
198	225	2
201	225	3
152	226	16
164	226	1
165	226	23
166	226	23
175	226	2
198	226	1
252	226	7
283	226	1
227	228	11
161	230	23
179	230	1
191	230	1
229	230	7
231	230	22
237	230	2
244	230	2
110	232	1
160	232	3
167	232	4
179	232	8
202	232	1
167	233	22
8	235	1
86	235	1
188	236	6
190	237	2
206	237	2
94	240	1
141	243	5
170	245	1
184	245	1
278	245	1
246	247	2
152	248	2
164	248	23
252	248	22
203	251	2
255	251	3
136	252	2
171	252	4
176	252	4
124	253	1
227	254	5
169	255	1
183	255	1
206	255	3
124	261	1
124	262	4
171	262	4
124	263	1
171	265	3
171	266	2
163	267	1
277	267	7
161	268	1
162	268	23
167	268	7
187	268	3
244	268	3
274	268	1
168	269	1
162	270	1
168	270	22
271	270	2
275	270	1
168	272	7
245	272	3
252	272	1
271	272	16
273	272	2
275	272	1
283	272	1
277	273	1
161	274	3
167	274	9
181	274	8
191	274	4
262	274	15
263	274	15
264	274	6
283	274	1
162	275	1
163	275	3
168	275	4
187	275	8
264	275	15
265	275	15
168	276	9
245	276	8
266	276	15
277	276	4
280	276	15
244	281	2
100	0	1
30	2	14
17	3	19
30	3	1
70	3	5
81	3	2
223	3	2
69	4	1
110	5	2
136	5	2
90	6	1
62	7	5
1	11	6
4	13	4
14	15	1
14	17	6
15	18	1
67	20	1
16	21	7
39	21	3
239	22	1
8	23	4
57	23	4
61	40	1
90	42	3
199	43	8
201	43	2
230	43	25
243	43	10
22	45	17
52	45	2
57	45	2
68	46	1
5	47	14
46	47	3
131	47	3
68	49	3
49	51	1
56	57	1
194	63	1
61	64	2
15	72	2
20	72	2
81	73	1
90	77	1
202	83	5
205	83	6
223	83	4
119	84	1
197	84	2
108	85	3
202	85	6
57	87	1
255	97	1
62	100	1
8	102	1
86	102	1
102	107	5
15	112	5
100	113	2
115	116	2
225	116	1
15	119	2
222	130	5
19	131	1
212	131	2
201	132	1
41	136	3
118	141	2
143	144	14
217	144	1
228	144	2
3	150	5
229	150	1
11	152	9
3	154	1
231	154	1
3	159	6
117	159	2
153	159	1
3	161	1
11	161	12
141	163	1
117	165	1
202	171	4
204	171	1
1	172	1
219	176	1
85	179	1
178	179	1
141	180	1
1	182	2
136	184	63
170	184	2
97	185	1
83	188	1
223	189	3
242	189	1
224	190	4
110	192	2
116	192	1
158	199	1
237	199	1
110	200	1
235	211	3
129	212	2
190	214	3
96	220	1
206	220	1
62	224	5
244	251	1
171	264	5
151	267	2
278	275	8
