15	0	6
101	0	4
107	0	9
123	0	1
140	0	3
192	0	1
240	0	2
6	1	2
86	1	1
97	1	2
203	1	6
224	1	2
238	1	3
6	2	4
64	2	3
81	2	2
97	2	4
110	2	1
1	3	48
86	3	3
89	3	6
101	3	4
118	3	4
124	3	1
186	3	1
203	3	3
126	4	3
12	5	1
29	5	2
51	5	4
90	5	1
109	5	1
200	5	2
8	6	1
59	6	1
129	6	1
133	6	2
202	7	2
66	8	4
110	8	1
0	9	1
4	9	1
125	9	7
53	10	1
2	11	48
62	11	2
66	11	5
92	11	1
129	11	2
130	11	5
225	11	3
240	11	2
254	11	9
255	11	1
256	11	7
260	11	5
4	12	4
99	12	12
102	12	6
113	12	1
200	12	3
7	13	1
52	13	2
53	13	1
58	13	5
89	13	3
126	13	1
11	15	3
14	16	2
18	16	2
61	18	8
14	19	6
18	19	1
57	19	4
26	20	4
51	20	1
68	20	1
70	20	3
18	21	2
53	21	9
69	21	11
70	21	2
115	21	1
12	22	10
42	22	1
47	22	1
67	22	3
74	22	2
89	22	1
208	24	2
239	26	1
26	27	1
133	27	1
31	28	1
41	28	1
26	29	1
28	29	6
66	30	2
120	30	1
210	30	1
65	31	7
28	32	8
41	32	3
58	32	5
204	32	1
46	34	1
54	34	4
82	34	1
70	35	4
26	37	1
29	37	3
58	38	1
148	38	2
70	39	4
76	41	1
170	41	2
183	41	1
205	41	3
216	41	2
31	42	3
33	42	1
70	42	3
86	42	1
16	43	10
44	43	8
49	43	12
59	43	10
63	43	5
76	43	2
84	43	9
95	43	1
154	43	15
155	43	15
156	43	15
163	43	29
165	43	29
167	43	22
168	43	22
176	43	14
181	43	10
182	43	8
186	43	6
188	43	25
191	43	22
194	43	5
203	43	7
218	43	29
220	43	8
226	43	8
244	43	8
245	43	30
250	43	1
253	43	18
267	43	25
285	43	1
287	43	1
288	43	1
292	43	1
293	43	1
56	44	7
44	45	8
49	45	4
17	46	2
62	46	2
131	46	1
12	47	10
66	47	2
89	47	5
92	47	3
213	47	1
40	48	1
53	48	4
56	48	2
69	48	5
5	49	1
37	49	1
49	50	2
55	50	1
56	50	3
69	50	2
68	51	7
70	55	2
58	57	1
31	58	8
66	58	1
194	58	1
60	59	1
94	60	1
94	62	1
29	63	3
37	63	2
208	63	1
82	64	4
92	64	1
65	66	2
94	66	1
58	67	3
18	69	2
215	70	3
17	71	2
33	71	3
94	71	1
17	72	3
30	72	1
81	72	4
89	72	1
217	72	1
33	73	1
12	74	20
13	74	2
17	74	4
19	74	1
20	74	1
52	74	4
105	74	2
217	74	1
5	76	20
20	76	2
100	76	2
131	76	1
124	77	2
67	78	2
31	80	3
62	80	1
62	82	1
11	83	2
51	83	1
64	83	2
115	83	6
118	83	1
120	83	1
122	83	1
124	83	4
192	83	1
20	84	1
234	84	2
51	85	1
68	85	1
86	85	1
92	85	2
118	85	5
120	85	2
124	85	16
204	85	16
206	85	3
214	85	1
223	85	2
240	85	4
66	86	2
141	86	1
12	87	1
70	88	1
104	88	1
122	88	1
52	89	1
118	89	2
58	90	1
89	90	1
15	91	1
35	92	2
71	92	1
130	92	1
70	93	1
205	94	4
126	95	1
95	96	1
166	96	1
249	96	1
250	96	1
253	96	15
66	97	1
120	97	2
122	97	2
183	97	1
203	97	7
224	97	1
104	98	3
133	98	1
92	100	1
99	101	13
102	101	6
141	101	1
99	102	2
122	102	3
122	103	1
58	104	1
138	104	3
86	105	1
98	106	1
141	107	1
104	108	3
120	108	3
104	110	2
108	110	1
194	110	2
33	111	1
107	111	3
109	111	1
136	111	2
101	112	4
134	112	4
13	113	5
27	113	2
121	113	12
123	113	3
209	113	1
112	114	6
141	115	2
108	116	5
171	116	6
183	116	1
190	116	3
197	116	1
200	116	1
223	116	10
1	117	72
3	117	1
15	117	4
83	117	3
120	117	2
122	117	1
148	117	1
219	117	1
227	117	1
97	118	1
105	118	3
190	118	2
27	121	10
107	121	2
137	121	4
147	121	7
258	122	1
112	123	1
134	123	2
142	123	2
110	124	5
116	124	4
215	124	4
138	127	9
238	128	1
107	129	4
110	129	1
217	129	3
103	130	3
132	130	9
224	130	2
115	131	1
132	131	1
190	131	2
217	131	3
113	132	2
223	132	1
101	134	1
138	134	1
142	134	2
101	135	2
124	136	9
170	136	61
212	136	1
246	136	3
260	136	5
123	137	2
134	137	4
207	139	1
92	140	1
112	140	14
135	140	2
9	141	1
260	141	2
281	141	1
148	144	1
201	144	2
190	145	1
141	147	2
244	147	3
140	148	4
11	150	1
85	150	1
1	151	4
11	151	4
83	151	2
85	151	2
117	151	2
252	151	1
116	152	2
252	152	1
124	153	2
171	153	2
229	153	1
1	154	2
116	155	1
85	156	1
116	156	1
141	156	1
83	157	2
1	158	4
124	159	1
186	159	1
2	160	4
116	160	6
1	162	9
85	162	1
117	162	3
157	162	1
11	163	2
1	164	7
163	164	1
276	164	2
96	165	3
1	166	5
258	166	6
41	167	1
136	167	3
124	168	3
136	168	1
171	169	1
193	169	1
217	170	4
3	171	2
11	171	36
176	171	3
183	171	3
215	171	2
258	171	8
132	172	1
1	174	10
11	174	10
245	174	1
116	175	1
174	175	1
225	175	2
11	176	2
254	176	2
255	176	1
256	176	1
258	176	1
1	177	3
116	177	1
172	177	1
3	178	5
1	179	4
11	179	4
1	180	6
1	181	4
2	181	1
141	181	1
180	181	1
190	181	1
117	183	6
124	183	1
2	185	17
124	186	1
147	186	1
203	186	4
154	188	18
155	188	2
206	188	2
231	188	9
232	188	1
202	189	3
206	189	2
246	189	1
251	189	1
295	189	1
97	190	1
102	190	1
112	190	3
136	191	1
282	192	2
116	193	1
192	194	6
132	195	4
158	196	1
159	196	23
178	196	3
218	196	1
229	196	9
110	197	4
122	197	4
206	198	1
243	198	1
177	199	1
195	199	5
197	199	1
102	200	1
122	200	1
136	200	4
122	201	11
149	201	3
122	202	6
214	202	3
225	202	1
118	204	2
141	204	4
147	204	1
149	204	1
97	205	2
216	205	1
12	208	5
105	208	1
84	210	2
66	211	1
136	211	1
47	212	1
192	212	2
213	212	1
194	213	2
238	213	1
62	214	1
112	214	1
212	216	12
217	216	1
178	218	18
195	218	8
203	218	2
206	218	2
231	218	1
244	218	2
100	223	1
201	225	3
152	226	16
164	226	1
165	226	23
175	226	2
160	230	6
167	230	9
237	230	2
244	230	2
160	232	3
178	232	11
179	232	8
231	232	4
261	232	15
262	232	6
157	233	2
167	233	22
196	236	8
190	237	2
281	237	1
94	239	6
94	240	1
190	243	10
283	243	1
206	244	1
151	248	16
175	248	3
124	253	1
206	255	3
254	256	2
171	265	3
124	266	2
163	267	1
273	267	16
276	267	1
283	267	1
161	268	1
167	268	7
244	268	3
162	270	1
275	270	1
277	270	9
283	270	1
168	271	1
252	272	1
273	272	2
181	274	8
263	274	15
264	274	6
168	275	4
244	275	10
264	275	15
168	276	9
245	276	8
100	0	1
126	0	2
13	2	2
17	3	19
70	3	5
223	3	2
1	11	6
94	11	5
137	11	1
223	11	10
62	12	1
14	17	6
16	21	7
62	23	1
37	32	4
90	34	4
39	42	6
131	43	4
199	43	8
201	43	2
209	43	4
230	43	25
243	43	10
265	43	18
281	43	4
57	45	2
131	47	3
61	64	2
12	72	10
208	72	2
100	83	4
202	83	5
205	83	6
57	87	1
134	104	1
225	110	1
15	112	5
100	113	2
15	114	3
115	116	2
15	119	2
208	130	2
71	131	5
212	131	2
201	132	1
41	136	3
118	141	2
143	144	14
11	152	9
117	159	2
3	161	1
11	161	12
202	171	4
11	173	2
117	173	6
116	178	3
178	179	1
97	185	1
229	188	22
237	199	1
110	200	1
203	206	9
129	212	2
206	220	1
41	231	1
7	234	1
236	237	1
278	275	8
