15	0	6
107	0	9
112	0	11
115	0	5
134	0	7
139	0	3
140	0	3
192	0	1
213	0	1
240	0	2
6	1	2
19	1	6
20	1	3
62	1	3
108	1	5
128	1	18
171	1	10
193	1	7
200	1	3
219	1	1
223	1	4
254	1	6
256	1	7
4	2	4
7	2	1
57	2	5
61	2	1
62	2	1
81	2	2
85	2	3
89	2	8
90	2	6
97	2	4
215	2	1
1	3	48
8	3	2
13	3	5
14	3	3
40	3	2
52	3	5
75	3	3
83	3	3
98	3	3
101	3	4
107	3	1
148	3	1
186	3	1
202	3	1
203	3	3
206	3	3
212	3	1
58	4	1
102	4	1
126	4	3
12	5	1
29	5	2
51	5	4
90	5	1
102	5	1
107	5	7
208	5	2
0	6	3
30	6	10
59	6	1
81	6	1
89	6	6
98	6	12
106	6	4
129	6	1
1	7	1
4	7	9
202	7	2
110	8	1
114	9	4
135	9	2
102	10	1
0	11	2
2	11	48
10	11	2
13	11	1
19	11	5
20	11	5
62	11	2
84	11	1
124	11	7
131	11	1
136	11	3
183	11	3
192	11	5
193	11	7
202	11	2
210	11	15
238	11	2
240	11	2
246	11	27
254	11	9
256	11	7
257	11	1
4	12	4
9	12	5
10	12	6
52	12	1
58	12	12
64	12	8
101	12	7
113	12	1
115	12	4
119	12	3
200	12	3
7	13	1
17	13	7
52	13	2
59	13	1
126	13	1
133	13	1
192	13	1
89	14	2
215	14	1
240	15	1
14	16	2
17	16	1
41	16	1
69	16	6
62	17	2
61	18	8
99	18	1
18	19	1
26	19	2
57	19	4
64	19	1
120	19	1
31	20	1
54	20	1
57	20	2
68	20	1
70	20	3
82	20	1
120	20	1
18	21	2
55	21	3
5	22	12
14	22	3
17	22	7
42	22	1
52	22	4
81	22	2
89	22	1
90	22	1
5	24	1
14	24	2
82	24	1
92	24	1
14	25	2
5	26	1
58	26	2
26	27	1
109	27	1
26	28	2
30	28	1
41	28	1
90	28	1
26	29	1
28	29	6
26	30	11
89	30	1
210	30	1
26	31	3
29	31	3
51	31	1
65	31	7
26	32	1
29	32	14
41	32	3
56	32	12
58	32	5
60	32	3
76	33	1
26	34	2
28	34	11
76	34	1
215	34	1
26	35	2
240	35	1
26	36	2
51	36	1
26	37	1
126	38	1
133	38	1
149	38	1
39	41	2
76	41	1
124	41	1
170	41	2
183	41	1
5	42	5
17	42	1
33	42	1
34	42	16
49	42	1
86	42	1
92	42	4
25	43	9
28	43	10
33	43	4
34	43	10
40	43	10
42	43	7
44	43	8
45	43	9
46	43	11
48	43	14
50	43	11
55	43	6
63	43	5
86	43	3
88	43	9
103	43	4
132	43	5
152	43	15
153	43	15
154	43	15
155	43	15
156	43	15
165	43	29
166	43	29
176	43	14
177	43	10
178	43	31
180	43	10
195	43	10
213	43	5
218	43	29
226	43	8
229	43	22
231	43	22
236	43	23
237	43	10
244	43	8
253	43	18
261	43	18
266	43	18
267	43	25
270	43	25
273	43	15
278	43	10
279	43	18
280	43	18
282	43	8
283	43	11
284	43	1
285	43	1
287	43	1
291	43	1
30	44	3
41	44	1
49	44	1
5	45	9
12	45	10
40	45	2
49	45	4
81	45	4
86	45	4
30	46	3
49	46	4
61	46	3
62	46	2
65	46	1
86	46	3
89	46	2
12	47	10
61	47	1
68	47	1
86	47	3
92	47	3
129	47	1
25	48	1
31	48	1
35	48	1
40	48	1
53	48	4
5	49	1
53	50	4
55	50	1
56	50	3
69	50	2
68	51	7
86	51	1
104	51	1
58	54	3
70	54	6
53	55	3
224	55	1
66	57	1
6	58	5
52	58	1
56	58	1
66	58	1
194	58	1
56	59	1
60	59	1
84	59	3
57	60	1
61	62	4
66	62	2
94	62	1
37	63	2
61	63	2
65	63	1
208	63	1
82	64	4
102	64	5
30	65	3
58	65	6
1	66	2
94	66	1
205	66	3
32	67	2
57	67	5
58	67	3
65	67	1
57	68	3
65	68	2
18	69	2
17	70	4
215	70	3
0	71	2
17	71	2
221	71	3
5	72	7
6	72	1
17	72	3
30	72	1
75	72	1
129	72	2
217	72	1
12	73	10
17	73	4
20	73	3
63	73	1
76	73	4
89	73	1
129	73	3
131	73	5
217	73	2
235	73	1
12	74	20
13	74	2
17	74	4
19	74	1
105	74	2
217	74	1
20	76	2
30	76	3
89	76	1
131	76	1
235	76	1
54	77	3
92	77	2
205	77	1
45	78	1
90	78	1
171	78	1
18	79	3
62	80	1
70	82	3
0	83	3
15	83	1
51	83	1
64	83	2
82	83	1
97	83	4
110	83	3
115	83	6
116	83	1
118	83	1
119	83	1
120	83	1
122	83	1
124	83	4
128	83	4
129	83	2
131	83	2
136	83	1
171	83	9
192	83	1
198	83	1
201	83	5
212	83	1
214	83	10
225	83	4
20	84	1
62	84	1
82	84	1
136	84	2
194	84	1
217	84	1
234	84	2
41	85	3
83	85	4
92	85	2
105	85	4
113	85	3
117	85	1
118	85	5
124	85	16
128	85	5
129	85	5
131	85	3
171	85	6
198	85	8
214	85	1
68	86	1
149	86	2
213	86	1
5	87	1
68	87	1
239	87	1
19	88	2
70	88	1
101	88	4
104	88	1
122	88	1
136	88	3
235	88	1
70	89	2
124	89	2
238	89	2
89	90	1
144	92	1
62	93	1
70	93	1
57	94	1
176	96	2
194	96	4
250	96	1
252	96	4
277	96	9
279	96	15
64	97	2
100	97	4
120	97	2
183	97	1
203	97	7
204	97	2
225	97	1
58	98	1
133	98	1
115	99	3
99	100	1
202	100	1
58	101	6
141	101	1
190	101	2
7	102	2
109	102	2
122	102	3
138	102	1
92	103	2
148	103	1
222	103	6
58	104	1
138	104	3
197	104	3
86	105	1
104	105	1
108	105	1
98	106	1
104	106	2
114	106	12
123	106	9
7	107	1
58	107	4
104	107	8
106	107	6
138	107	7
86	108	3
104	109	6
138	109	2
190	109	2
104	110	2
194	110	2
204	110	4
33	111	1
197	111	2
134	112	4
144	112	6
27	113	2
71	113	1
92	113	1
101	113	7
107	113	1
114	113	7
119	113	1
121	113	12
128	113	2
141	113	1
192	113	3
223	113	1
238	113	1
112	114	6
120	114	1
126	114	3
135	114	1
15	115	2
141	115	2
190	115	1
86	116	1
128	116	6
141	116	3
190	116	3
197	116	1
254	116	1
260	116	4
1	117	72
3	117	1
10	117	1
15	117	4
83	117	3
97	117	4
122	117	1
148	117	1
149	117	1
200	117	1
203	117	6
206	117	6
227	117	1
256	117	1
15	118	1
94	118	2
105	118	3
169	118	1
206	118	3
141	119	1
207	119	1
114	121	4
120	121	11
137	121	4
147	121	7
118	122	2
148	122	2
214	122	1
228	122	1
9	123	5
114	123	2
121	123	3
1	124	37
2	124	3
120	124	2
200	124	1
205	124	4
215	124	4
223	124	2
254	124	13
257	124	2
125	126	6
114	127	2
133	127	5
138	127	9
62	128	3
238	128	1
19	129	2
71	129	5
89	129	5
105	129	5
107	129	4
110	129	1
113	129	1
136	129	1
141	129	1
197	129	1
204	129	4
132	130	9
217	130	1
89	131	3
100	131	3
190	131	2
214	131	2
217	131	3
133	134	2
142	134	2
101	135	2
170	136	61
171	136	4
212	136	1
228	136	2
240	136	3
247	136	3
260	136	5
9	137	14
114	137	1
134	137	4
135	137	2
142	137	1
114	138	3
146	138	1
112	139	10
135	140	2
139	140	1
145	141	1
149	141	2
198	141	2
97	144	1
110	144	1
122	144	2
148	144	1
198	144	1
190	145	1
145	146	4
141	147	2
145	147	13
197	147	2
225	147	1
244	147	3
140	148	4
83	150	1
85	150	1
116	150	1
171	150	1
186	150	1
1	151	4
11	151	4
83	151	2
117	151	2
1	152	9
116	152	2
117	152	2
176	152	2
1	153	3
3	153	2
11	153	3
171	153	2
229	153	1
2	154	1
11	155	2
83	155	2
116	155	1
167	155	1
1	156	4
85	156	1
141	156	1
1	157	2
11	157	2
85	157	2
191	157	1
2	158	12
3	158	12
11	158	4
117	158	3
150	158	1
205	158	2
1	159	4
116	159	2
124	159	1
2	160	4
116	160	6
117	160	6
154	160	1
117	161	4
156	161	1
160	161	1
1	162	9
11	162	9
117	162	3
141	162	2
157	162	1
190	162	1
1	163	2
11	163	2
271	163	1
1	164	7
276	164	2
1	165	14
194	165	2
225	165	2
227	165	1
1	166	5
116	166	1
117	166	1
258	166	6
2	167	2
3	167	2
136	167	3
1	168	2
11	168	2
124	168	3
136	168	1
141	168	1
171	168	3
116	169	7
171	169	1
193	169	1
257	169	1
11	170	2
124	170	3
201	170	1
3	171	2
97	171	4
118	171	3
183	171	3
205	171	6
246	171	28
258	171	8
2	172	8
11	172	1
116	172	3
141	172	1
186	172	5
118	173	1
186	173	7
1	174	10
11	174	10
83	174	1
85	174	1
11	175	14
116	175	1
117	175	1
174	175	1
225	175	2
136	176	1
254	176	2
256	176	1
258	176	1
2	177	2
11	177	3
1	178	4
2	178	5
11	178	4
117	178	3
132	178	1
11	179	4
83	179	1
116	180	1
3	181	1
180	181	1
190	181	1
124	183	1
1	184	2
41	184	3
198	184	1
260	184	5
2	185	17
116	185	6
141	185	3
190	185	3
83	186	1
110	186	5
147	186	1
194	186	2
201	186	1
244	186	1
85	187	1
3	188	1
154	188	18
159	188	6
160	188	23
203	188	2
36	189	1
87	189	1
93	189	1
170	189	4
184	189	4
185	189	1
194	189	5
203	189	2
212	189	5
216	189	1
225	189	2
241	189	1
251	189	1
102	190	1
112	190	3
144	190	3
116	191	1
124	191	7
136	191	1
171	191	7
7	192	6
117	192	1
202	192	2
116	193	1
117	193	24
183	193	1
3	194	1
243	194	1
282	194	2
132	195	4
154	196	4
158	196	1
177	196	3
229	196	9
97	197	2
110	197	4
148	197	1
204	197	1
227	197	1
147	198	1
149	198	2
206	198	1
282	198	1
122	199	1
132	199	2
150	199	1
177	199	1
197	199	1
281	199	1
102	200	1
122	200	1
171	200	3
97	201	5
149	201	3
122	202	6
225	202	1
118	203	4
141	203	2
193	203	4
118	204	2
121	204	2
147	204	1
149	204	1
203	204	1
206	204	1
212	205	1
97	206	8
9	207	4
12	208	5
19	208	1
62	208	1
74	208	3
129	209	2
192	209	4
210	209	2
129	210	12
234	210	3
66	211	1
136	211	1
8	212	4
89	212	1
170	212	22
192	212	2
194	212	7
209	212	1
7	213	1
46	213	6
62	214	1
92	215	2
184	216	1
41	217	1
66	217	1
192	217	1
213	217	4
144	218	1
147	218	1
159	218	1
177	218	8
195	218	8
199	218	2
229	218	4
231	218	1
236	218	19
171	219	2
186	219	1
203	219	3
176	220	3
186	220	3
128	223	2
203	224	4
205	224	3
198	225	2
201	225	3
203	225	3
206	225	3
166	226	23
175	226	2
201	226	1
252	226	7
283	226	1
227	228	11
167	230	9
180	230	3
191	230	1
206	230	4
231	230	22
232	230	1
136	231	1
171	231	4
160	232	3
179	232	8
261	232	15
156	233	16
168	233	1
191	233	9
244	233	4
188	236	6
244	237	1
215	238	2
94	239	6
94	240	1
141	243	5
190	243	10
283	243	1
243	244	1
170	245	1
246	247	2
164	248	23
175	248	3
252	248	22
276	248	1
283	248	1
194	249	1
203	251	2
219	251	3
255	251	3
124	252	4
136	252	2
176	252	4
169	254	1
228	254	1
169	255	1
254	256	2
124	261	1
171	261	1
171	262	4
124	264	5
124	265	3
124	266	2
171	266	2
245	267	2
252	267	9
273	267	16
157	268	16
162	268	23
168	268	9
187	268	3
191	268	22
168	270	22
244	270	5
269	270	16
271	270	2
168	271	1
163	272	23
168	272	7
252	272	1
271	272	16
273	272	2
283	272	1
180	274	8
181	274	8
264	274	6
162	275	1
163	275	3
244	275	10
277	276	4
279	276	6
280	276	15
126	0	2
15	1	4
100	1	1
13	2	2
30	2	14
17	3	19
70	3	5
81	3	2
108	5	2
136	5	2
62	7	5
194	7	2
94	11	5
62	12	1
4	13	4
75	13	1
14	15	1
15	18	1
67	20	1
14	21	1
239	22	1
57	23	4
62	23	1
31	32	1
37	32	4
5	34	8
49	34	4
90	34	4
39	42	6
90	42	3
60	43	6
131	43	4
175	43	10
209	43	4
233	43	25
275	43	29
22	45	17
5	46	8
129	46	2
131	47	3
37	48	2
61	48	2
68	49	3
16	52	2
56	57	1
61	64	2
12	72	10
20	72	2
208	72	2
17	75	1
100	83	4
202	83	5
223	83	4
119	84	1
197	84	2
108	85	3
202	85	6
57	87	1
207	100	1
207	101	10
8	102	1
86	102	1
134	104	1
102	107	5
109	107	4
15	112	5
100	113	2
225	116	1
197	118	4
15	119	2
176	124	2
208	130	2
222	130	5
19	131	1
212	131	2
102	136	4
106	138	3
229	150	1
231	154	1
116	158	3
3	159	6
11	161	12
124	171	4
202	171	4
11	173	2
117	173	6
116	178	3
141	180	1
1	182	2
136	184	63
170	184	2
229	188	22
77	189	1
223	189	3
224	190	4
110	192	2
206	193	3
158	199	1
237	199	1
110	200	1
190	201	7
217	202	1
235	211	3
129	212	2
190	214	3
62	224	5
215	224	5
203	230	4
206	232	1
236	232	1
244	251	1
171	264	5
151	267	2
191	270	7
278	275	8
