101	0	4
107	0	9
115	0	5
123	0	1
213	0	1
71	1	3
83	1	25
97	1	2
98	1	1
120	1	2
169	1	4
171	1	10
7	2	1
10	2	4
26	2	4
57	2	5
81	2	2
85	2	3
89	2	8
91	2	2
92	2	2
100	2	1
113	2	1
171	2	3
7	3	2
13	3	5
75	3	3
83	3	3
86	3	3
91	3	2
98	3	3
107	3	1
136	3	6
186	3	1
202	3	1
225	3	1
8	4	1
102	4	1
126	4	3
200	4	2
12	5	1
58	5	9
134	5	1
208	5	2
0	6	3
57	6	1
59	6	1
81	6	1
98	6	12
129	6	1
4	7	9
66	7	7
62	8	6
194	8	3
0	9	1
4	9	1
134	9	12
135	9	2
53	10	1
99	10	3
136	10	1
0	11	2
10	11	2
66	11	5
84	11	1
90	11	1
110	11	1
115	11	2
118	11	2
124	11	7
136	11	3
183	11	3
192	11	5
238	11	2
240	11	2
246	11	27
256	11	7
4	12	4
9	12	5
13	12	3
58	12	12
102	12	6
119	12	3
200	12	3
7	13	1
10	13	10
53	13	1
58	13	5
59	13	1
131	13	1
133	13	1
58	14	1
89	14	2
11	15	3
69	16	6
99	18	1
14	19	6
18	19	1
57	19	4
70	19	1
26	20	4
51	20	1
56	20	1
120	20	1
238	20	1
15	21	1
25	21	3
53	21	9
55	21	3
70	21	2
100	21	2
12	22	10
14	22	3
16	22	11
17	22	7
49	22	3
57	22	1
81	22	2
89	22	1
90	22	1
208	22	1
92	24	1
69	25	4
5	26	1
58	26	2
89	26	1
239	26	1
26	27	1
109	27	1
133	27	1
31	28	1
90	28	1
26	30	11
41	32	3
105	32	1
5	33	3
12	33	3
28	34	11
82	34	1
212	36	1
29	37	3
26	38	1
58	38	1
126	38	1
224	38	1
55	39	2
39	41	2
76	41	1
183	41	1
205	41	3
5	42	5
17	42	1
31	42	3
33	42	1
49	42	1
75	42	5
25	43	9
34	43	10
35	43	7
40	43	10
42	43	7
44	43	8
45	43	9
46	43	11
50	43	11
55	43	6
63	43	5
73	43	3
86	43	3
88	43	9
96	43	29
129	43	4
151	43	15
154	43	15
155	43	15
157	43	15
158	43	10
161	43	29
164	43	29
168	43	22
174	43	10
176	43	14
182	43	8
186	43	6
188	43	25
190	43	25
191	43	22
195	43	10
198	43	2
206	43	7
208	43	5
218	43	29
229	43	22
232	43	29
237	43	10
244	43	8
245	43	30
249	43	1
253	43	18
262	43	18
266	43	18
267	43	25
268	43	25
271	43	15
272	43	25
274	43	29
276	43	29
277	43	22
278	43	10
286	43	1
287	43	1
57	44	5
18	45	4
30	45	3
33	46	2
49	46	4
62	46	2
65	46	1
86	46	3
92	46	1
23	47	1
30	47	1
51	47	1
66	47	2
68	47	1
86	47	3
92	47	3
209	47	2
25	48	1
40	48	1
69	48	5
25	50	1
29	50	3
56	50	3
29	51	1
86	51	1
53	54	2
70	55	2
224	55	1
30	57	8
58	57	1
66	57	1
89	57	2
239	57	1
6	58	5
31	58	8
56	58	1
61	58	9
62	58	2
69	58	2
56	59	1
84	59	3
88	59	4
56	60	3
57	60	1
94	60	1
61	62	4
25	63	2
37	63	2
61	63	2
65	63	1
103	63	5
208	63	1
102	64	5
200	64	1
30	65	3
65	66	2
94	66	1
32	67	2
57	67	5
62	70	1
17	71	2
94	71	1
111	71	4
132	71	4
136	71	1
221	71	3
113	72	3
129	72	2
217	72	1
12	73	10
19	73	4
75	73	2
76	73	4
89	73	1
129	73	3
131	73	5
210	73	6
5	74	11
17	74	4
217	74	1
89	76	1
131	76	1
235	76	1
92	77	2
205	77	1
45	78	1
67	78	2
171	78	1
31	80	3
57	81	1
62	82	1
70	82	3
41	83	4
82	83	1
110	83	3
116	83	1
119	83	1
131	83	2
171	83	9
198	83	1
204	83	1
225	83	4
240	83	5
20	84	1
13	85	1
41	85	3
51	85	1
83	85	4
86	85	1
97	85	1
105	85	4
109	85	2
117	85	1
118	85	5
120	85	2
124	85	16
129	85	5
131	85	3
171	85	6
200	85	5
204	85	16
205	85	5
206	85	3
214	85	1
223	85	2
240	85	4
66	86	2
213	86	1
5	87	1
239	87	1
19	88	2
101	88	4
52	89	1
118	89	2
89	90	1
15	91	1
71	92	1
144	92	1
70	93	1
124	95	5
164	96	1
186	96	2
194	96	4
277	96	9
15	97	2
41	97	2
120	97	2
183	97	1
224	97	1
51	98	5
92	100	1
99	100	1
112	100	1
202	100	1
9	101	13
102	101	6
190	101	2
109	102	2
122	102	3
99	103	2
101	103	7
122	103	1
136	103	3
148	103	1
58	104	1
197	104	3
86	105	1
108	105	1
114	106	12
134	106	6
190	108	2
104	109	6
197	109	1
104	110	2
204	110	4
109	111	1
136	111	2
115	112	7
126	112	2
134	112	4
13	113	5
15	113	1
27	113	2
101	113	7
108	113	3
120	113	11
121	113	12
112	114	6
126	114	3
15	115	2
141	115	2
85	116	3
128	116	6
141	116	3
148	116	1
171	116	6
255	116	1
260	116	4
1	117	72
83	117	3
97	117	4
115	117	4
116	117	4
124	117	6
128	117	14
200	117	1
203	117	6
215	117	1
223	117	2
227	117	1
256	117	1
94	118	2
97	118	1
200	118	1
219	118	1
141	119	1
108	121	9
142	121	3
147	121	7
148	122	2
214	122	1
227	122	1
258	122	1
9	123	5
121	123	3
134	123	2
110	124	5
118	124	4
205	124	4
215	124	4
225	124	1
254	124	13
256	124	6
257	124	2
125	126	6
139	126	1
66	128	3
171	128	1
0	129	16
107	129	4
0	130	2
224	130	2
101	131	3
113	131	14
115	131	1
190	131	2
214	131	2
136	132	1
101	134	1
135	134	1
142	134	2
101	135	2
101	136	4
107	136	2
170	136	61
171	136	4
227	136	2
228	136	2
246	136	3
260	136	5
123	137	2
146	138	1
112	139	10
148	139	2
190	140	1
9	141	1
94	141	9
110	144	1
122	144	2
148	144	1
149	145	2
145	146	4
118	147	1
141	147	2
145	147	13
197	147	2
212	147	1
225	147	1
112	148	7
11	150	1
83	150	1
117	150	1
11	151	4
116	151	2
1	152	9
117	152	2
176	152	2
124	153	2
171	153	2
229	153	1
1	154	2
11	154	2
85	154	2
83	155	2
85	155	2
116	155	1
117	155	1
1	156	4
11	156	4
116	156	1
117	156	1
191	156	1
85	157	2
191	157	1
2	158	12
150	158	1
218	158	2
116	159	2
11	160	9
152	160	1
154	160	1
1	161	12
2	161	1
116	161	4
160	161	1
83	162	1
1	163	2
11	163	2
162	163	1
271	163	1
1	164	7
11	164	7
151	164	1
276	164	2
1	165	14
116	165	1
152	165	1
117	166	1
165	166	1
176	166	5
249	166	1
258	166	6
1	167	2
124	167	5
171	167	5
11	168	2
171	168	3
116	169	7
193	169	1
257	169	1
124	170	3
217	170	4
11	171	36
94	171	2
225	171	1
246	171	28
11	172	1
41	172	1
117	172	3
186	172	5
190	172	1
3	173	17
11	174	10
11	175	14
116	175	1
11	176	2
136	176	1
253	176	1
255	176	1
2	177	2
11	177	3
116	177	1
172	177	1
236	177	1
2	178	5
177	178	1
1	179	4
1	180	6
116	180	1
117	180	1
3	181	1
11	181	4
116	181	2
117	181	2
176	182	12
283	182	1
1	183	12
124	183	1
41	184	3
171	184	3
116	185	6
89	186	2
110	186	5
124	186	1
144	186	1
194	186	2
201	186	1
202	186	4
283	186	1
181	187	1
155	188	2
178	188	2
231	188	9
78	189	1
79	189	1
83	189	6
170	189	4
184	189	4
185	189	1
203	189	2
212	189	5
241	189	1
294	189	1
295	189	1
85	190	1
112	190	3
116	191	1
136	191	1
7	192	6
117	192	1
144	192	1
147	192	1
282	192	2
2	194	1
147	194	1
192	194	6
282	194	2
2	196	1
153	196	1
159	196	23
177	196	3
244	196	1
110	197	4
147	198	1
197	198	5
229	199	1
122	200	1
171	200	3
122	201	11
200	202	2
141	203	2
193	203	4
118	204	2
121	204	2
138	204	2
141	204	4
206	204	1
212	205	1
9	207	4
62	208	1
105	208	1
19	209	1
129	209	2
192	209	4
84	210	2
234	210	3
47	212	1
209	212	1
7	213	1
71	213	1
132	213	2
194	213	2
62	214	1
112	214	1
148	214	1
92	215	2
214	215	2
212	216	12
41	217	1
66	217	1
184	217	22
192	217	1
132	218	1
159	218	1
178	218	18
231	218	1
165	220	1
283	220	1
103	221	1
66	223	4
128	223	2
203	224	4
193	225	1
201	225	3
206	225	3
198	226	1
201	226	1
227	228	11
156	230	2
161	230	23
167	230	9
179	230	1
180	230	3
231	230	22
136	231	1
171	231	4
110	232	1
160	232	3
203	232	1
262	232	6
283	232	1
180	233	2
92	234	1
86	235	1
188	236	6
196	236	8
141	237	5
203	237	2
206	237	2
244	237	1
281	237	1
94	240	1
141	243	5
190	243	10
283	243	1
206	244	1
170	245	1
246	247	2
151	248	16
152	248	2
175	248	3
194	249	1
203	251	2
124	252	4
136	252	2
176	252	4
124	253	1
136	253	2
171	253	1
227	254	5
228	254	1
227	256	4
254	256	2
124	261	1
171	262	4
171	263	1
124	264	5
124	265	3
171	265	3
124	266	2
171	266	2
245	267	2
252	267	9
276	267	1
283	267	1
157	268	16
162	268	23
167	268	7
187	268	3
191	268	22
274	268	1
168	269	1
269	270	16
168	272	7
252	272	1
283	272	1
277	273	1
161	274	3
262	274	15
162	275	1
163	275	3
264	275	15
168	276	9
277	276	4
244	281	2
244	282	1
13	2	2
17	3	19
70	3	5
81	3	2
69	4	1
110	5	2
90	6	1
62	7	5
122	7	1
94	11	5
223	11	10
62	12	1
14	15	1
14	17	6
67	20	1
39	21	3
41	21	4
239	22	1
57	23	4
62	23	1
49	34	4
61	40	1
39	42	6
47	43	4
209	43	4
275	43	29
52	45	2
5	46	8
5	47	14
49	47	1
60	48	1
61	48	2
16	52	2
56	57	1
20	72	2
208	72	2
211	72	6
17	75	1
90	77	1
100	83	4
202	83	5
205	83	6
197	84	2
108	85	3
62	100	1
100	113	2
137	113	1
0	114	2
15	114	3
247	124	28
208	130	2
201	132	1
102	136	4
118	141	2
228	144	2
3	150	5
11	152	9
231	154	1
116	158	3
117	159	2
153	159	1
3	161	1
11	161	12
141	163	1
124	171	4
203	171	2
219	176	1
2	179	1
85	179	1
178	179	1
1	182	2
97	185	1
83	188	1
229	188	22
223	189	3
224	190	4
110	192	2
158	199	1
237	199	1
203	206	9
129	212	2
96	226	1
231	233	7
274	233	1
141	244	3
206	251	2
171	264	5
151	267	2
