107	0	9
112	0	11
115	0	5
135	0	1
140	0	3
194	0	2
213	0	1
240	0	2
19	1	6
20	1	3
62	1	3
71	1	3
83	1	25
97	1	2
113	1	1
128	1	18
169	1	4
193	1	7
200	1	3
225	1	1
4	2	4
10	2	4
26	2	4
62	2	1
64	2	3
89	2	8
91	2	2
92	2	2
100	2	1
110	2	1
171	2	3
212	2	2
238	2	1
1	3	48
13	3	5
14	3	3
40	3	2
51	3	1
66	3	1
75	3	3
83	3	3
86	3	3
89	3	6
98	3	3
101	3	4
107	3	1
108	3	2
148	3	1
225	3	1
8	4	1
58	4	1
102	4	1
200	4	2
6	5	2
29	5	2
90	5	1
98	5	10
102	5	1
104	5	12
106	5	4
107	5	7
134	5	1
200	5	2
208	5	2
0	6	3
8	6	1
30	6	10
57	6	1
59	6	1
81	6	1
98	6	12
106	6	4
133	6	2
4	7	9
66	7	7
51	8	2
62	8	6
110	8	1
192	8	5
194	8	3
0	9	1
4	9	1
125	9	7
99	10	3
102	10	1
136	10	1
0	11	2
2	11	48
4	11	3
13	11	1
84	11	1
85	11	25
90	11	1
92	11	1
110	11	1
115	11	2
118	11	2
129	11	2
131	11	1
192	11	5
200	11	5
202	11	2
210	11	15
240	11	2
246	11	27
254	11	9
257	11	1
13	12	3
69	12	1
101	12	7
102	12	6
200	12	3
7	13	1
53	13	1
89	13	3
126	13	1
133	13	1
192	13	1
58	14	1
215	14	1
11	15	3
69	16	6
62	17	2
61	18	8
99	18	1
14	19	6
18	19	1
61	19	1
64	19	1
120	19	1
14	20	4
51	20	1
54	20	1
82	20	1
120	20	1
238	20	1
15	21	1
25	21	3
53	21	9
70	21	2
115	21	1
12	22	10
40	22	3
42	22	1
49	22	3
52	22	4
57	22	1
67	22	3
74	22	2
208	22	1
240	23	2
82	24	1
92	24	1
89	26	1
239	26	1
133	27	1
30	28	1
41	28	1
90	28	1
66	30	2
89	30	1
120	30	1
210	30	1
26	31	3
29	31	3
51	32	3
105	32	1
204	32	1
5	33	3
12	33	3
26	34	2
28	34	11
30	34	10
46	34	1
82	34	1
215	34	1
7	35	3
70	35	4
240	35	1
26	36	2
33	36	3
51	36	1
26	37	1
29	37	3
58	38	1
126	38	1
148	38	2
149	38	1
70	39	4
39	40	2
70	40	1
39	41	2
170	41	2
205	41	3
12	42	7
34	42	16
40	42	4
75	42	5
92	42	4
37	43	9
44	43	8
59	43	10
63	43	5
72	43	3
73	43	3
74	43	3
76	43	2
86	43	3
111	43	4
129	43	4
132	43	5
141	43	24
151	43	15
153	43	15
154	43	15
155	43	15
156	43	15
157	43	15
158	43	10
159	43	29
162	43	29
163	43	29
164	43	29
165	43	29
166	43	29
167	43	22
174	43	10
176	43	14
177	43	10
178	43	31
181	43	10
186	43	6
187	43	10
188	43	25
191	43	22
194	43	5
195	43	10
196	43	8
198	43	2
203	43	7
226	43	8
231	43	22
232	43	29
236	43	23
245	43	30
249	43	1
253	43	18
269	43	15
270	43	25
271	43	15
272	43	25
273	43	15
274	43	29
278	43	10
285	43	1
286	43	1
287	43	1
289	43	1
292	43	1
41	44	1
49	44	1
56	44	7
57	44	5
5	45	9
18	45	4
40	45	2
44	45	8
81	45	4
86	45	4
208	45	1
30	46	3
33	46	2
49	46	4
62	46	2
86	46	3
89	46	2
30	47	1
40	47	3
51	47	1
86	47	3
89	47	5
91	47	1
129	47	1
209	47	2
29	48	2
30	48	2
31	48	1
35	48	1
40	48	1
53	48	4
56	48	2
69	48	5
5	49	1
57	49	1
65	49	1
25	50	1
29	50	3
55	50	1
69	50	2
29	51	1
68	51	7
86	51	1
102	51	2
21	54	2
53	54	2
61	54	6
70	55	2
224	55	1
89	57	2
6	58	5
18	58	5
31	58	8
56	58	1
62	58	2
69	58	2
194	58	1
84	59	3
95	59	1
56	60	3
57	60	1
94	62	1
25	63	2
37	63	2
65	63	1
102	64	5
200	64	1
58	65	6
94	66	1
205	66	3
65	67	1
57	68	3
65	68	2
62	70	1
215	70	3
5	71	1
94	71	1
221	71	3
5	72	7
6	72	1
17	72	3
19	72	3
30	72	1
75	72	1
81	72	4
89	72	1
113	72	3
129	72	2
217	72	1
0	73	1
17	73	4
20	73	3
30	73	1
33	73	1
63	73	1
75	73	2
89	73	1
5	74	11
20	74	1
30	74	3
89	74	1
105	74	2
217	74	1
5	76	20
20	76	2
89	76	1
100	76	2
235	76	1
54	77	3
124	77	2
67	78	2
18	79	3
62	82	1
0	83	3
82	83	1
105	83	3
110	83	3
115	83	6
116	83	1
118	83	1
122	83	1
124	83	4
128	83	4
171	83	9
192	83	1
198	83	1
201	83	5
204	83	1
212	83	1
214	83	10
240	83	5
20	84	1
57	84	1
82	84	1
136	84	2
194	84	1
217	84	1
234	84	2
1	85	2
51	85	1
68	85	1
83	85	4
105	85	4
110	85	7
113	85	3
118	85	5
129	85	5
171	85	6
198	85	8
200	85	5
203	85	3
214	85	1
223	85	2
240	85	4
57	86	1
66	86	2
141	86	1
149	86	2
68	87	1
239	87	1
70	88	1
104	88	1
136	88	3
52	89	1
118	89	2
238	89	2
58	90	1
89	90	1
15	91	1
62	92	3
70	92	4
71	92	1
130	92	1
124	95	5
126	95	1
171	95	4
205	95	1
166	96	1
249	96	1
252	96	4
253	96	15
277	96	9
279	96	15
41	97	2
64	97	2
66	97	1
100	97	4
149	97	1
183	97	1
203	97	7
204	97	2
224	97	1
51	98	5
58	98	1
119	99	8
99	100	1
112	100	1
202	100	1
58	101	6
99	101	13
141	101	1
190	101	2
115	102	1
99	103	2
101	103	7
122	103	1
136	103	3
148	103	1
197	104	3
86	105	1
104	105	1
121	105	1
104	106	2
114	106	12
123	106	9
7	107	1
141	107	1
86	108	3
190	108	2
204	108	2
104	109	6
190	109	2
197	109	1
108	110	1
109	111	1
101	112	4
15	113	1
27	113	2
71	113	1
92	113	1
101	113	7
108	113	3
114	113	7
128	113	2
141	113	1
192	113	3
194	113	5
112	114	6
126	114	3
135	114	1
15	115	2
190	115	1
11	116	72
15	116	1
85	116	3
118	116	3
120	116	5
128	116	6
148	116	1
190	116	3
200	116	1
223	116	10
256	116	1
1	117	72
3	117	1
13	117	1
15	117	4
66	117	1
83	117	3
116	117	4
120	117	2
122	117	1
128	117	14
148	117	1
169	117	2
203	117	6
223	117	2
227	117	1
15	118	1
94	118	2
97	118	1
129	118	1
190	119	2
108	121	9
114	121	4
120	121	11
149	121	4
118	122	2
120	122	3
148	122	2
198	122	5
228	122	1
9	123	5
114	123	2
134	123	2
110	124	5
116	124	4
120	124	2
205	124	4
224	124	2
257	124	2
114	125	3
207	125	5
125	126	6
114	127	2
138	127	9
0	128	2
66	128	3
238	128	1
0	129	16
89	129	5
105	129	5
130	129	5
136	129	1
197	129	1
217	129	3
0	130	2
103	130	3
113	130	1
132	130	9
217	130	1
100	131	3
101	131	3
113	131	14
214	131	2
217	131	3
113	132	2
223	132	1
133	134	2
135	134	1
142	134	2
207	134	4
101	135	2
101	136	4
107	136	2
170	136	61
171	136	4
212	136	1
217	136	1
223	136	1
246	136	3
9	137	14
114	137	1
134	137	4
114	138	3
146	138	1
148	139	2
207	139	1
112	140	14
144	140	4
190	140	1
83	141	1
108	141	1
145	141	1
281	141	1
283	141	1
122	144	2
148	144	1
198	144	1
201	144	2
225	144	1
190	145	1
145	146	4
141	147	2
225	147	1
244	147	3
112	148	7
11	150	1
83	150	1
116	150	1
117	150	1
85	151	2
117	151	2
116	152	2
117	152	2
1	153	3
3	153	2
11	153	3
171	153	2
1	154	2
85	154	2
1	155	2
11	155	2
83	155	2
167	155	1
1	156	4
83	156	1
85	156	1
116	156	1
117	156	1
141	156	1
1	157	2
2	158	12
150	158	1
218	158	2
1	159	4
2	159	6
124	159	1
1	160	9
11	160	9
117	160	6
152	160	1
154	160	1
117	161	4
1	162	9
11	162	9
85	162	1
116	162	3
117	162	3
161	162	1
1	163	2
1	164	7
163	164	1
276	164	2
1	165	14
152	165	1
41	166	1
117	166	1
258	166	6
41	167	1
124	167	5
1	168	2
11	168	2
136	168	1
141	168	1
171	168	3
171	169	1
257	169	1
124	170	3
11	171	36
94	171	2
117	171	2
206	171	2
215	171	2
225	171	1
260	171	1
2	172	8
3	172	8
117	172	3
132	172	1
186	172	5
190	172	1
3	173	17
1	174	10
11	174	10
83	174	1
85	174	1
245	174	1
1	175	14
11	175	14
117	175	1
1	176	2
136	176	1
175	176	2
253	176	1
254	176	2
256	176	1
116	177	1
132	177	1
195	177	1
1	178	4
177	178	1
3	179	1
116	180	1
3	181	1
11	181	4
117	181	2
190	181	1
283	182	1
1	183	12
117	183	6
41	184	3
212	184	4
260	184	5
2	185	17
116	185	6
141	185	3
83	186	1
89	186	2
124	186	1
147	186	1
201	186	1
181	187	1
3	188	1
85	188	1
154	188	18
155	188	2
231	188	9
232	188	1
244	188	1
36	189	1
78	189	1
79	189	1
83	189	6
85	189	6
87	189	1
93	189	1
110	189	3
170	189	4
173	189	1
203	189	2
206	189	2
212	189	5
97	190	1
141	190	4
144	190	3
259	190	2
117	191	1
124	191	7
171	191	7
7	192	6
117	192	1
144	192	1
282	192	2
117	193	24
183	193	1
3	194	1
147	194	1
243	194	1
132	195	4
2	196	1
3	196	1
218	196	1
231	196	1
244	196	1
122	197	4
148	197	1
227	197	1
118	198	5
122	199	1
132	199	2
150	199	1
159	199	1
244	199	1
102	200	1
136	200	4
149	201	3
198	201	9
204	201	1
227	201	3
282	201	1
122	202	6
200	202	2
225	202	1
94	203	4
118	203	4
193	203	4
249	203	1
118	204	2
138	204	2
203	204	1
206	204	1
97	205	2
212	205	1
216	205	1
94	206	7
224	206	1
9	207	4
62	208	1
129	209	2
194	209	4
210	209	2
84	210	2
129	210	12
131	210	5
234	210	3
66	211	1
88	211	2
8	212	4
89	212	1
194	212	7
7	213	1
46	213	6
238	213	1
62	214	1
148	214	1
214	215	2
184	216	1
212	216	12
41	217	1
89	217	3
192	217	1
147	218	1
159	218	1
177	218	8
178	218	18
281	218	1
171	219	2
186	219	1
166	220	1
203	220	1
283	220	1
103	221	1
111	222	3
100	223	1
128	223	2
203	224	4
193	225	1
198	225	2
201	225	3
203	225	3
206	225	3
152	226	16
164	226	1
175	226	2
252	226	7
156	230	2
160	230	6
161	230	23
179	230	1
180	230	3
191	230	1
206	230	4
229	230	7
231	230	22
244	230	2
136	231	1
171	231	4
178	232	11
202	232	1
203	232	1
231	232	4
237	232	4
262	232	6
283	232	1
157	233	2
161	233	6
168	233	1
180	233	2
92	234	1
8	235	1
86	235	1
188	236	6
196	236	8
190	237	2
203	237	2
206	237	2
215	238	2
141	243	5
190	243	10
206	244	1
243	244	1
170	245	1
184	245	1
278	245	1
246	247	2
151	248	16
152	248	2
276	248	1
283	248	1
171	252	4
176	252	4
227	254	5
228	254	1
206	255	3
219	255	2
171	263	1
124	264	5
124	265	3
124	266	2
171	266	2
252	267	9
273	267	16
276	267	1
283	267	1
157	268	16
168	268	9
187	268	3
191	268	22
269	268	2
274	268	1
277	268	1
168	269	1
168	270	22
187	270	2
244	270	5
269	270	16
271	270	2
283	270	1
168	271	1
168	272	7
252	272	1
161	274	3
181	274	8
191	274	4
262	274	15
283	274	1
162	275	1
163	275	3
187	275	8
244	275	10
266	275	6
283	275	1
168	276	9
245	276	8
266	276	15
279	276	6
280	276	15
283	276	1
243	282	3
244	282	1
100	0	1
126	0	2
15	1	4
13	2	2
107	2	4
17	3	19
30	3	1
70	3	5
81	3	2
69	4	1
108	5	2
110	5	2
90	6	1
62	7	5
122	7	1
94	11	5
223	11	10
62	12	1
14	17	6
239	22	1
57	23	4
62	23	1
31	32	1
5	34	8
49	34	4
147	38	1
39	42	6
90	42	3
47	43	4
60	43	6
131	43	4
201	43	2
230	43	25
233	43	25
265	43	18
275	43	29
281	43	4
5	46	8
129	46	2
46	47	3
61	48	2
49	51	1
56	57	1
12	72	10
208	72	2
17	75	1
202	83	5
223	83	4
119	84	1
108	85	3
202	85	6
57	87	1
136	98	1
207	100	1
119	101	7
8	102	1
86	102	1
134	104	1
102	107	5
225	110	1
0	114	2
15	114	3
115	116	2
197	118	4
15	119	2
176	124	2
247	124	28
208	130	2
222	130	5
19	131	1
71	131	5
212	131	2
41	136	3
102	136	4
228	144	2
3	150	5
229	150	1
3	154	1
3	161	1
11	161	12
141	163	1
117	165	1
124	171	4
202	171	4
203	171	2
1	172	1
11	173	2
117	173	6
219	176	1
116	178	3
85	179	1
178	179	1
141	180	1
179	180	1
1	182	2
83	188	1
229	188	22
223	189	3
242	189	1
149	190	1
110	192	2
116	192	1
206	193	3
2	195	6
237	199	1
110	200	1
217	202	1
203	206	9
129	212	2
190	214	3
206	220	1
62	224	5
215	224	5
96	226	1
206	232	1
274	233	1
244	274	4
278	275	8
282	275	2
