101	0	4
134	0	7
139	0	3
213	0	1
20	1	3
71	1	3
169	1	4
171	1	10
192	1	7
200	1	3
203	1	6
223	1	4
247	1	27
256	1	7
61	2	1
62	2	1
64	2	3
89	2	8
91	2	2
105	2	1
212	2	2
215	2	1
1	3	48
8	3	2
14	3	3
40	3	2
51	3	1
83	3	3
89	3	6
118	3	4
202	3	1
203	3	3
212	3	1
8	4	1
126	4	3
29	5	2
0	6	3
57	6	1
59	6	1
81	6	1
89	6	6
129	6	1
1	7	1
66	7	7
202	7	2
104	8	2
194	8	3
0	9	1
4	9	1
135	9	2
4	10	1
53	10	1
0	11	2
2	11	48
19	11	5
66	11	5
115	11	2
129	11	2
131	11	1
183	11	3
193	11	7
202	11	2
210	11	15
246	11	27
52	12	1
58	12	12
69	12	1
102	12	6
113	12	1
119	12	3
137	12	2
53	13	1
89	13	3
126	13	1
192	13	1
89	14	2
11	15	3
14	16	2
18	16	2
14	18	5
26	19	2
26	20	4
31	20	1
56	20	1
53	21	9
69	21	11
70	21	2
52	22	4
81	22	2
208	22	1
14	24	2
82	24	1
58	26	2
239	26	1
109	27	1
149	27	2
120	30	1
51	31	1
65	31	7
26	32	1
28	32	8
29	32	14
41	32	3
60	32	3
12	33	3
26	34	2
30	34	10
55	34	1
75	34	4
82	34	1
7	35	3
26	35	2
235	35	1
240	35	1
33	36	3
51	36	1
26	37	1
29	37	3
26	38	1
91	38	3
126	38	1
53	39	7
70	40	1
82	40	1
170	41	2
183	41	1
205	41	3
5	42	5
12	42	7
17	42	1
33	42	1
34	42	16
16	43	10
40	43	10
48	43	14
55	43	6
72	43	3
73	43	3
76	43	2
96	43	29
103	43	4
111	43	4
129	43	4
141	43	24
150	43	1
151	43	15
158	43	10
159	43	29
162	43	29
179	43	10
180	43	10
182	43	8
191	43	22
198	43	2
203	43	7
220	43	8
236	43	23
237	43	10
250	43	1
253	43	18
261	43	18
262	43	18
267	43	25
278	43	10
282	43	8
283	43	11
289	43	1
30	44	3
41	44	1
56	44	7
12	45	10
18	45	4
60	45	1
12	46	11
62	46	2
89	46	2
23	47	1
40	47	3
61	47	1
66	47	2
68	47	1
86	47	3
25	48	1
53	48	4
69	48	5
55	50	1
69	50	2
58	54	3
66	57	1
6	58	5
31	58	8
61	58	9
66	58	1
69	58	2
194	58	1
60	59	1
84	59	3
88	59	4
56	60	3
94	60	1
66	62	2
92	64	1
30	65	3
58	65	6
94	66	1
17	70	4
58	70	1
62	70	1
5	71	1
17	71	2
132	71	4
221	71	3
6	72	1
30	72	1
75	72	1
81	72	4
0	73	1
12	73	10
19	73	4
30	73	1
75	73	2
89	73	1
210	73	6
13	74	2
20	74	1
72	74	3
70	75	2
89	76	1
205	77	1
67	78	2
171	78	1
31	80	3
11	83	2
97	83	4
110	83	3
124	83	4
128	83	4
200	83	4
201	83	5
214	83	10
225	83	4
240	83	5
20	84	1
62	84	1
92	85	2
97	85	1
109	85	2
110	85	7
128	85	5
148	85	2
171	85	6
204	85	16
205	85	5
206	85	3
66	86	2
68	86	1
141	86	1
213	86	1
12	87	1
239	87	1
68	88	1
101	88	4
70	89	2
58	90	1
35	92	2
70	92	4
71	92	1
130	92	1
205	94	4
124	95	5
205	95	1
186	96	2
250	96	1
100	97	4
149	97	1
203	97	7
104	98	3
115	99	3
119	99	8
202	100	1
58	101	6
190	101	2
7	102	2
99	102	2
104	102	3
109	102	2
115	102	1
138	102	1
197	102	3
101	103	7
148	103	1
20	105	1
86	105	1
104	105	1
108	105	1
104	106	2
106	107	6
141	107	1
142	108	1
190	109	2
108	110	1
33	111	1
101	112	4
115	112	7
126	112	2
13	113	5
71	113	1
101	113	7
107	113	1
121	113	12
123	113	3
128	113	2
134	113	3
141	113	1
146	113	1
120	114	1
135	114	1
15	116	1
85	116	3
108	116	5
141	116	3
197	116	1
256	116	1
108	117	1
115	117	4
116	117	4
120	117	2
203	117	6
219	117	1
223	117	2
41	118	2
94	118	2
105	118	3
169	118	1
190	118	2
206	118	3
207	119	1
27	121	10
107	121	2
114	121	4
137	121	4
146	121	11
118	122	2
120	122	3
1	124	37
97	124	2
120	124	2
0	129	16
19	129	2
105	129	5
113	129	1
130	129	5
214	129	1
103	130	3
113	130	1
132	130	9
101	131	3
113	131	14
136	132	1
101	135	2
128	136	1
212	136	1
223	136	1
257	136	5
260	136	5
114	137	1
121	138	1
112	139	10
207	139	1
112	140	14
139	140	1
9	141	1
83	141	1
94	141	9
108	141	1
145	141	1
281	141	1
198	144	1
190	145	1
145	146	4
141	147	2
145	147	13
197	147	2
212	147	1
244	147	3
112	148	7
140	148	4
11	150	1
116	150	1
124	150	1
11	151	4
83	151	2
85	151	2
176	152	2
171	153	2
2	154	1
11	154	2
85	154	2
1	155	2
11	155	2
83	155	2
85	156	1
141	156	1
190	156	1
11	157	2
85	157	2
117	158	3
205	158	2
1	159	4
171	159	1
1	160	9
152	160	1
1	161	12
2	161	1
116	161	4
160	161	1
1	162	9
11	162	9
116	162	3
157	162	1
190	162	1
1	163	2
151	164	1
276	164	2
96	165	3
225	165	2
116	166	1
117	166	1
165	166	1
176	166	5
258	166	6
141	168	1
176	169	2
201	170	1
11	171	36
206	171	2
239	171	2
246	171	28
3	172	8
11	172	1
186	172	5
118	173	1
186	173	7
85	174	1
174	175	1
225	175	2
255	176	1
2	177	2
3	177	2
236	177	1
3	178	5
177	178	1
11	179	4
83	179	1
11	180	6
2	181	1
124	183	1
41	184	3
171	184	3
198	184	1
83	186	1
110	186	5
147	186	1
206	186	4
283	186	1
154	188	18
232	188	1
79	189	1
83	189	6
170	189	4
185	189	1
216	189	1
295	189	1
106	190	1
112	190	3
259	190	2
116	191	1
136	191	1
171	191	7
282	192	2
116	193	1
3	194	1
144	194	1
3	195	6
132	195	4
132	196	1
177	196	3
178	196	3
218	196	1
244	196	1
110	197	4
204	197	1
227	197	1
186	198	2
206	198	1
122	199	1
132	199	2
144	199	1
147	199	1
281	199	1
122	200	1
122	201	11
282	201	1
141	203	2
141	204	4
147	204	1
206	204	1
94	206	7
97	206	8
224	206	1
9	207	4
105	208	1
194	209	4
131	210	5
131	211	6
136	211	1
8	212	4
170	212	22
213	212	1
132	213	2
148	215	1
184	216	1
8	217	1
66	217	1
89	217	3
192	217	1
194	217	7
209	217	3
147	218	1
159	218	1
178	218	18
195	218	8
199	218	2
281	218	1
186	220	3
103	221	1
100	223	1
205	224	3
201	225	3
203	225	3
164	226	1
198	226	1
227	228	11
161	230	23
180	230	3
191	230	1
229	230	7
110	232	1
202	232	1
231	232	4
157	233	2
167	233	22
196	236	8
141	237	5
215	238	2
94	239	6
141	243	5
151	248	16
219	251	3
136	252	2
171	252	4
176	252	4
227	254	5
228	254	1
183	255	1
227	256	4
254	256	2
124	261	1
171	263	1
124	265	3
245	267	2
277	267	7
162	268	23
167	268	7
277	270	9
283	270	1
163	272	23
181	274	8
263	274	15
168	275	4
266	275	6
283	275	1
266	276	15
279	276	6
30	3	1
70	3	5
81	3	2
223	3	2
90	6	1
94	11	5
62	12	1
41	21	4
57	23	4
62	23	1
37	32	4
49	34	4
39	42	6
90	42	3
47	43	4
131	43	4
175	43	10
281	43	4
22	45	17
5	47	14
37	48	2
61	48	2
208	72	2
202	83	5
202	85	6
207	101	10
225	110	1
15	119	2
176	124	2
19	131	1
201	132	1
102	136	4
143	144	14
283	144	1
117	159	2
153	159	1
11	161	12
124	171	4
1	172	1
1	182	2
258	183	1
170	184	2
229	188	22
224	190	4
110	192	2
116	192	1
2	195	6
203	206	9
190	214	3
96	220	1
206	220	1
96	226	1
236	232	1
231	233	7
171	264	5
191	270	7
282	275	2
