15	0	6
112	0	11
135	0	1
194	0	2
20	1	3
71	1	3
83	1	25
86	1	1
98	1	1
113	1	1
171	1	10
206	1	6
238	1	3
247	1	27
4	2	4
7	2	1
10	2	4
26	2	4
49	2	1
57	2	5
61	2	1
64	2	3
81	2	2
85	2	3
110	2	1
212	2	2
215	2	1
7	3	2
13	3	5
14	3	3
52	3	5
83	3	3
101	3	4
107	3	1
118	3	4
202	3	1
203	3	3
212	3	1
8	4	1
200	4	2
6	5	2
12	5	1
104	5	12
107	5	7
134	5	1
30	6	10
59	6	1
89	6	6
106	6	4
133	6	2
1	7	1
66	7	7
51	8	2
66	8	4
194	8	3
125	9	7
134	9	12
53	10	1
64	10	7
4	11	3
10	11	2
19	11	5
84	11	1
85	11	25
92	11	1
118	11	2
124	11	7
128	11	13
136	11	3
193	11	7
202	11	2
254	11	9
255	11	1
260	11	5
4	12	4
9	12	5
10	12	6
58	12	12
115	12	4
119	12	3
136	12	1
200	12	3
7	13	1
192	13	1
11	15	3
14	16	2
62	17	2
14	18	5
70	19	1
26	20	4
51	20	1
56	20	1
238	20	1
55	21	3
58	21	5
70	21	2
12	22	10
14	22	3
16	22	11
40	22	3
42	22	1
49	22	3
74	22	2
90	22	1
14	23	1
5	24	1
14	24	2
82	24	1
5	26	1
26	27	1
26	28	2
41	28	1
90	28	1
26	30	11
66	30	2
89	30	1
51	31	1
28	32	8
41	32	3
58	32	5
204	32	1
12	33	3
12	34	6
30	34	10
67	35	1
235	35	1
240	35	1
26	36	2
51	36	1
68	36	1
212	36	1
26	37	1
29	37	3
26	38	1
91	38	3
70	39	4
39	40	2
82	40	1
76	41	1
124	41	1
183	41	1
12	42	7
49	42	1
86	42	1
16	43	10
33	43	4
35	43	7
37	43	9
42	43	7
45	43	9
46	43	11
49	43	12
50	43	11
55	43	6
76	43	2
95	43	1
111	43	4
129	43	4
141	43	24
152	43	15
154	43	15
155	43	15
157	43	15
158	43	10
159	43	29
163	43	29
167	43	22
179	43	10
181	43	10
186	43	6
190	43	25
191	43	22
194	43	5
203	43	7
206	43	7
208	43	5
231	43	22
236	43	23
237	43	10
248	43	8
250	43	1
263	43	18
264	43	18
266	43	18
267	43	25
268	43	25
270	43	25
276	43	29
280	43	18
282	43	8
283	43	11
284	43	1
285	43	1
286	43	1
287	43	1
292	43	1
293	43	1
30	44	3
56	44	7
18	45	4
40	45	2
44	45	8
60	45	1
86	45	4
208	45	1
12	46	11
86	46	3
89	46	2
92	46	1
131	46	1
12	47	10
23	47	1
30	47	1
51	47	1
61	47	1
86	47	3
92	47	3
31	48	1
35	48	1
40	48	1
69	48	5
37	49	1
65	49	1
53	50	4
21	54	2
58	54	3
61	54	6
224	55	1
89	57	2
239	57	1
66	58	1
60	59	1
88	59	4
94	60	1
61	62	4
94	62	1
61	63	2
65	63	1
111	63	3
208	63	1
92	64	1
102	64	5
1	66	2
94	66	1
57	67	5
18	69	2
17	70	4
62	70	1
0	71	2
17	71	2
221	71	3
30	72	1
89	72	1
0	73	1
5	73	11
17	73	4
30	73	1
76	73	4
131	73	5
210	73	6
52	74	4
105	74	2
217	74	1
70	75	2
12	76	6
20	76	2
89	76	1
90	76	3
100	76	2
131	76	1
52	77	1
54	77	3
124	77	2
62	80	1
57	81	1
70	82	3
11	83	2
41	83	4
64	83	2
82	83	1
105	83	3
118	83	1
128	83	4
129	83	2
136	83	1
171	83	9
192	83	1
200	83	4
201	83	5
225	83	4
57	84	1
82	84	1
107	84	5
217	84	1
13	85	1
51	85	1
68	85	1
110	85	7
128	85	5
129	85	5
131	85	3
148	85	2
204	85	16
223	85	2
68	86	1
5	87	1
12	87	1
68	87	1
239	87	1
19	88	2
101	88	4
235	88	1
52	89	1
118	89	2
238	89	2
58	90	1
71	92	1
130	92	1
144	92	1
5	93	1
57	94	1
205	94	4
124	95	5
126	95	1
205	95	1
95	96	1
164	96	1
194	96	4
250	96	1
252	96	4
253	96	15
149	97	1
203	97	7
214	97	2
51	98	5
58	98	1
104	98	3
133	98	1
99	101	13
190	101	2
104	102	3
197	102	3
92	103	2
99	103	2
101	103	7
122	103	1
222	103	6
197	104	3
108	105	1
121	105	1
104	106	2
127	106	11
134	106	6
7	107	1
8	107	2
58	107	4
141	107	1
120	108	3
142	108	1
104	109	6
190	109	2
104	110	2
108	110	1
194	110	2
104	111	2
107	111	3
136	111	2
197	111	2
126	112	2
13	113	5
27	113	2
71	113	1
101	113	7
108	113	3
114	113	7
120	113	11
121	113	12
123	113	3
128	113	2
134	113	3
141	113	1
209	113	1
223	113	1
120	114	1
126	114	3
15	115	2
11	116	72
85	116	3
120	116	5
128	116	6
141	116	3
148	116	1
171	116	6
200	116	1
254	116	1
260	116	4
3	117	1
13	117	1
15	117	4
66	117	1
115	117	4
120	117	2
128	117	14
148	117	1
169	117	2
203	117	6
223	117	2
225	117	1
256	117	1
41	118	2
86	118	1
105	118	3
129	118	1
169	118	1
200	118	1
190	119	2
27	121	10
118	122	2
198	122	5
112	123	1
114	123	2
142	123	2
1	124	37
110	124	5
116	124	4
224	124	2
225	124	1
256	124	6
257	124	2
207	125	5
139	126	1
114	127	2
138	127	9
0	128	2
238	128	1
0	129	16
19	129	2
71	129	5
136	129	1
141	129	1
214	129	1
103	130	3
113	130	1
217	130	1
89	131	3
100	131	3
130	131	3
132	131	1
217	131	3
113	132	2
136	132	1
135	134	1
207	134	4
128	136	1
170	136	61
247	136	3
258	136	7
260	136	5
135	137	2
114	138	3
207	139	1
92	140	1
115	140	1
145	141	1
281	141	1
97	144	1
110	144	1
122	144	2
198	144	1
201	144	2
227	144	2
145	146	4
118	147	1
212	147	1
112	148	7
11	150	1
83	150	1
116	150	1
117	150	1
11	151	4
1	152	9
116	152	2
176	152	2
1	155	2
11	155	2
85	155	2
117	155	1
167	155	1
1	156	4
85	156	1
116	156	1
191	156	1
1	157	2
83	157	2
85	157	2
191	157	1
2	158	12
3	158	12
11	158	4
150	158	1
205	158	2
218	158	2
11	159	4
116	159	2
186	159	1
152	160	1
154	160	1
1	161	12
2	161	1
116	161	4
116	162	3
117	162	3
161	162	1
190	162	1
11	164	7
96	165	3
116	165	1
225	165	2
11	166	5
152	166	1
165	166	1
249	166	1
171	167	5
11	168	2
124	168	3
141	168	1
171	168	3
176	169	2
193	169	1
257	169	1
11	171	36
118	171	3
183	171	3
205	171	6
215	171	2
225	171	1
260	171	1
2	172	8
3	172	8
41	172	1
116	172	3
117	172	3
132	172	1
141	172	1
190	172	1
3	173	17
118	173	1
83	174	1
117	175	1
174	175	1
11	176	2
175	176	2
254	176	2
255	176	1
256	176	1
11	177	3
132	177	1
195	177	1
2	178	5
132	178	1
11	179	4
2	181	1
11	181	4
180	181	1
190	181	1
283	182	1
1	183	12
124	183	1
1	184	2
212	184	4
260	184	5
1	185	2
2	185	17
190	185	3
83	186	1
85	186	1
89	186	2
124	186	1
147	186	1
194	186	2
201	186	1
203	186	4
85	187	1
181	187	1
2	188	1
85	188	1
154	188	18
155	188	2
167	188	1
178	188	2
206	188	2
231	188	9
232	188	1
24	189	1
36	189	1
78	189	1
80	189	1
87	189	1
93	189	1
110	189	3
170	189	4
202	189	3
206	189	2
216	189	1
217	189	5
225	189	2
246	189	1
247	189	1
85	190	1
97	190	1
106	190	1
144	190	3
136	191	1
171	191	7
144	192	1
202	192	2
117	193	24
183	193	1
144	194	1
192	194	6
243	194	1
3	196	1
153	196	1
154	196	4
218	196	1
244	196	1
204	197	1
227	197	1
243	198	1
147	199	1
159	199	1
177	199	1
229	199	1
281	199	1
102	200	1
122	200	1
171	200	3
198	201	9
200	202	2
225	202	1
94	203	4
141	203	2
193	203	4
249	203	1
118	204	2
121	204	2
138	204	2
149	204	1
206	204	1
97	205	2
216	205	1
169	206	1
19	208	1
74	208	3
19	209	1
129	209	2
192	209	4
194	209	4
210	209	2
234	210	3
66	211	1
88	211	2
131	211	6
136	211	1
209	212	1
46	213	6
132	213	2
112	214	1
148	214	1
148	215	1
170	216	11
8	217	1
66	217	1
184	217	22
192	217	1
213	217	4
159	218	1
178	218	18
203	218	2
206	218	2
229	218	4
236	218	19
186	219	1
203	219	3
165	220	1
166	220	1
203	220	1
66	223	4
198	225	2
203	225	3
164	226	1
166	226	23
198	226	1
252	226	7
283	226	1
225	228	4
227	228	11
155	230	16
161	230	23
167	230	9
179	230	1
191	230	1
229	230	7
231	230	22
244	230	2
124	231	4
110	232	1
167	232	4
261	232	15
161	233	6
168	233	1
244	233	4
8	235	1
141	237	5
190	237	2
203	237	2
244	237	1
281	237	1
190	243	10
170	245	1
151	248	16
164	248	23
276	248	1
283	248	1
203	251	2
219	251	3
255	251	3
136	252	2
136	253	2
169	254	1
228	254	1
206	255	3
254	256	2
258	257	1
124	261	1
171	261	1
124	265	3
171	265	3
124	266	2
252	267	9
277	267	7
157	268	16
187	268	3
191	268	22
274	268	1
162	270	1
168	270	22
168	271	1
163	272	23
168	272	7
252	272	1
277	273	1
180	274	8
191	274	4
264	274	6
168	275	4
187	275	8
191	275	9
266	275	6
168	276	9
279	276	6
187	278	1
244	281	2
126	0	2
141	0	1
15	1	4
17	3	19
136	5	2
90	6	1
194	7	2
94	11	5
137	11	1
75	13	1
67	20	1
14	21	1
41	21	4
239	22	1
57	23	4
37	32	4
49	34	4
90	34	4
39	42	6
90	42	3
47	43	4
131	43	4
233	43	25
243	43	10
265	43	18
281	43	4
52	45	2
49	47	1
131	47	3
61	48	2
68	49	3
49	51	1
15	72	2
81	73	1
17	75	1
90	77	1
60	81	1
205	83	6
223	83	4
136	98	1
62	100	1
207	101	10
134	104	1
109	107	4
225	110	1
15	114	3
225	116	1
197	118	4
247	124	28
208	130	2
222	130	5
212	131	2
106	138	3
118	141	2
217	144	1
228	144	2
231	154	1
116	158	3
117	165	1
204	171	1
11	173	2
116	178	3
85	179	1
178	179	1
141	180	1
11	182	2
258	183	1
136	184	63
170	184	2
97	185	1
224	190	4
110	192	2
116	192	1
206	193	3
2	195	6
110	200	1
203	206	9
190	214	3
206	220	1
62	224	5
215	224	5
96	226	1
203	230	4
41	231	1
206	232	1
236	232	1
231	233	7
7	234	1
141	244	3
244	251	1
228	256	5
278	275	8
