15	0	6
137	0	1
19	1	6
83	1	25
97	1	2
98	1	1
113	1	1
128	1	18
169	1	4
193	1	7
211	1	11
219	1	1
224	1	2
10	2	4
49	2	1
64	2	3
81	2	2
89	2	8
105	2	1
110	2	1
212	2	2
238	2	1
7	3	2
13	3	5
14	3	3
51	3	1
75	3	3
89	3	6
101	3	4
136	3	6
148	3	1
126	4	3
98	5	10
200	5	2
0	6	3
8	6	1
1	7	1
4	7	9
62	8	6
66	8	4
125	9	7
99	10	3
2	11	48
13	11	1
62	11	2
66	11	5
118	11	2
129	11	2
136	11	3
192	11	5
210	11	15
256	11	7
9	12	5
13	12	3
101	12	7
102	12	6
119	12	3
137	12	2
200	12	3
7	13	1
52	13	2
59	13	1
58	14	1
89	14	2
14	16	2
18	16	2
62	17	2
18	19	1
70	19	1
120	19	1
14	20	4
68	20	1
70	20	3
82	20	1
120	20	1
238	20	1
55	21	3
115	21	1
12	22	10
16	22	11
17	22	7
42	22	1
57	22	1
74	22	2
90	22	1
240	23	2
69	25	4
5	26	1
239	26	1
133	27	1
26	28	2
31	28	1
41	28	1
26	29	1
51	32	3
56	32	12
58	32	5
60	32	3
105	32	1
204	32	1
26	33	1
76	33	1
12	34	6
17	34	1
26	34	2
26	35	2
70	35	4
240	35	1
26	36	2
68	36	1
212	36	1
26	38	1
58	38	1
144	38	1
149	38	1
224	38	1
55	39	2
62	40	1
39	41	2
76	41	1
205	41	3
40	42	4
70	42	3
92	42	4
28	43	10
34	43	10
42	43	7
49	43	12
50	43	11
55	43	6
63	43	5
73	43	3
86	43	3
92	43	5
103	43	4
132	43	5
154	43	15
156	43	15
161	43	29
163	43	29
177	43	10
182	43	8
203	43	7
226	43	8
229	43	22
236	43	23
245	43	30
263	43	18
266	43	18
268	43	25
270	43	25
278	43	10
282	43	8
283	43	11
285	43	1
287	43	1
291	43	1
292	43	1
30	44	3
41	44	1
49	44	1
40	45	2
49	45	4
81	45	4
86	45	4
40	46	1
49	46	4
86	46	3
30	47	1
40	47	3
51	47	1
68	47	1
89	47	5
92	47	3
30	48	2
5	49	1
37	49	1
25	50	1
29	50	3
65	50	2
53	54	2
58	54	3
61	54	6
70	55	2
224	55	1
58	57	1
66	57	1
89	57	2
239	57	1
6	58	5
18	58	5
29	58	4
52	58	1
62	58	2
66	58	1
194	58	1
60	59	1
88	59	4
69	63	1
103	63	5
58	65	6
1	66	2
65	68	2
18	69	2
5	71	1
94	71	1
111	71	4
132	71	4
212	71	1
221	71	3
19	72	3
75	72	1
20	73	3
75	73	2
217	73	2
13	74	2
30	74	3
72	74	3
89	74	1
5	76	20
12	76	6
20	76	2
89	76	1
131	76	1
235	76	1
52	77	1
90	78	1
62	82	1
41	83	4
116	83	1
119	83	1
122	83	1
124	83	4
128	83	4
171	83	9
192	83	1
214	83	10
225	83	4
1	85	2
83	85	4
118	85	5
128	85	5
171	85	6
198	85	8
206	85	3
223	85	2
68	86	1
149	86	2
19	88	2
136	88	3
235	88	1
52	89	1
238	89	2
58	90	1
89	90	1
130	92	1
62	93	1
126	95	1
171	95	4
95	96	1
166	96	1
252	96	4
279	96	15
64	97	2
120	97	2
122	97	2
149	97	1
203	97	7
133	98	1
99	100	1
202	100	1
9	101	13
7	102	2
104	102	3
109	102	2
101	103	7
222	103	6
58	104	1
138	104	3
104	107	8
141	107	1
190	107	1
104	109	6
197	109	1
104	110	2
204	110	4
107	111	3
136	111	2
221	111	5
101	112	4
134	112	4
13	113	5
27	113	2
92	113	1
123	113	3
141	113	1
192	113	3
209	113	1
238	113	1
2	116	1
15	116	1
85	116	3
120	116	5
141	116	3
200	116	1
223	116	10
254	116	1
1	117	72
97	117	4
124	117	6
203	117	6
206	117	6
223	117	2
86	118	1
129	118	1
169	118	1
190	118	2
141	119	1
190	119	2
120	121	11
137	121	4
149	121	4
120	123	4
121	123	3
1	124	37
116	124	4
204	124	1
205	124	4
223	124	2
207	125	5
133	127	5
0	128	2
71	129	5
105	129	5
110	129	1
113	129	1
136	129	1
197	129	1
217	130	1
224	130	2
100	131	3
113	131	14
190	131	2
107	136	2
128	136	1
171	136	4
247	136	3
257	136	5
123	137	2
146	138	1
139	140	1
190	140	1
145	141	1
140	143	5
198	144	1
118	147	1
225	147	1
244	147	3
140	148	4
2	150	5
11	150	1
1	152	9
117	152	2
1	153	3
1	154	2
83	154	2
83	155	2
1	156	4
117	156	1
3	158	12
11	158	4
150	158	1
205	158	2
1	159	4
2	159	6
11	159	4
116	159	2
124	159	1
171	159	1
1	160	9
152	160	1
2	161	1
116	161	4
85	162	1
117	162	3
271	163	1
163	164	1
276	164	2
11	165	14
96	165	3
152	165	1
176	165	3
225	165	2
1	166	5
176	166	5
2	167	2
3	167	2
11	167	3
1	168	2
171	168	3
201	170	1
11	171	36
117	171	2
118	171	3
183	171	3
2	172	8
41	172	1
117	172	3
190	172	1
118	173	1
85	174	1
1	175	14
11	175	14
117	175	1
11	176	2
253	176	1
256	176	1
257	176	1
2	177	2
3	177	2
11	177	3
117	177	1
195	177	1
3	178	5
3	179	1
117	180	1
1	181	4
2	181	1
11	181	4
116	181	2
141	181	1
176	182	12
260	184	5
85	186	1
124	186	1
171	186	1
202	186	4
85	187	1
3	188	1
154	188	18
155	188	2
160	188	23
178	188	2
203	188	2
231	188	9
232	188	1
36	189	1
79	189	1
80	189	1
87	189	1
93	189	1
110	189	3
170	189	4
185	189	1
194	189	5
241	189	1
246	189	1
97	190	1
102	190	1
106	190	1
141	190	4
171	191	7
7	192	6
202	192	2
116	193	1
183	193	1
2	194	1
192	194	6
3	195	6
2	196	1
132	196	1
153	196	1
154	196	4
231	196	1
122	197	4
204	197	1
227	197	1
132	199	2
147	199	1
150	199	1
159	199	1
204	201	1
282	201	1
122	202	6
94	203	4
118	203	4
141	203	2
216	205	1
192	209	4
84	210	2
131	210	5
234	210	3
129	211	4
47	212	1
192	212	2
213	212	1
71	213	1
194	213	2
92	215	2
148	215	1
214	215	2
217	216	1
66	217	1
89	217	3
213	217	4
132	218	1
147	218	1
159	218	1
177	218	8
195	218	8
231	218	1
244	218	2
165	220	1
176	220	3
100	223	1
128	223	2
203	224	4
205	224	3
198	225	2
201	225	3
152	226	16
165	226	23
198	226	1
201	226	1
283	226	1
155	230	16
191	230	1
229	230	7
136	231	1
110	232	1
167	232	4
179	232	8
244	232	4
261	232	15
161	233	6
180	233	2
92	234	1
86	235	1
196	236	8
141	237	5
203	237	2
190	243	10
283	243	1
278	245	1
175	248	3
252	248	22
219	251	3
124	252	4
171	252	4
169	254	1
124	255	2
183	255	1
171	262	4
124	264	5
171	265	3
124	266	2
171	266	2
157	268	16
162	268	23
168	268	9
187	268	3
168	270	22
269	270	16
275	270	1
168	272	7
275	272	1
263	274	15
264	274	6
283	274	1
265	275	15
277	276	4
279	276	6
283	276	1
126	0	2
141	0	1
15	1	4
107	2	4
70	3	5
14	17	6
239	22	1
8	23	4
57	23	4
5	34	8
39	42	6
175	43	10
201	43	2
243	43	10
265	43	18
22	45	17
52	45	2
129	46	2
5	47	14
61	48	2
49	51	1
16	52	2
56	57	1
194	63	1
17	75	1
223	83	4
57	87	1
62	100	1
207	100	1
225	110	1
0	114	2
15	114	3
197	118	4
212	131	2
106	138	3
143	144	14
217	144	1
229	150	1
231	154	1
116	158	3
11	161	12
141	163	1
117	165	1
202	171	4
11	173	2
219	176	1
116	178	3
178	179	1
258	183	1
170	184	2
229	188	22
77	189	1
224	190	4
116	192	1
237	199	1
203	206	9
235	211	3
129	212	2
190	214	3
206	220	1
215	224	5
41	231	1
231	233	7
274	233	1
7	234	1
236	237	1
141	244	3
278	275	8
