101	0	4
107	0	9
123	0	1
194	0	2
240	0	2
6	1	2
86	1	1
98	1	1
113	1	1
120	1	2
169	1	4
200	1	3
202	1	2
203	1	6
206	1	6
219	1	1
224	1	2
254	1	6
256	1	7
26	2	4
49	2	1
81	2	2
89	2	8
91	2	2
105	2	1
110	2	1
113	2	1
14	3	3
40	3	2
51	3	1
52	3	5
75	3	3
83	3	3
101	3	4
108	3	2
118	3	4
124	3	1
202	3	1
225	3	1
58	4	1
6	5	2
90	5	1
106	5	4
109	5	1
30	6	10
81	6	1
89	6	6
98	6	12
129	6	1
133	6	2
1	7	1
64	7	2
51	8	2
62	8	6
104	8	2
110	8	1
0	9	1
114	9	4
135	9	2
99	10	3
4	11	3
62	11	2
90	11	1
110	11	1
115	11	2
118	11	2
124	11	7
130	11	5
183	11	3
192	11	5
193	11	7
200	11	5
210	11	15
225	11	3
240	11	2
246	11	27
256	11	7
260	11	5
9	12	5
58	12	12
64	12	8
69	12	1
101	12	7
102	12	6
113	12	1
115	12	4
136	12	1
200	12	3
7	13	1
9	13	5
17	13	7
52	13	2
53	13	1
70	13	2
89	13	3
192	13	1
89	14	2
11	15	3
240	15	1
14	16	2
62	17	2
14	18	5
99	18	1
14	19	6
26	19	2
67	19	1
70	19	1
31	20	1
51	20	1
70	20	3
82	20	1
18	21	2
25	21	3
53	21	9
58	21	5
69	21	11
70	21	2
100	21	2
12	22	10
17	22	7
49	22	3
52	22	4
14	23	1
92	24	1
239	26	1
109	27	1
26	28	2
30	28	1
41	28	1
26	29	1
28	29	6
89	30	1
26	31	3
51	31	1
51	32	3
58	32	5
60	32	3
105	32	1
5	33	3
62	33	1
76	33	1
17	34	1
26	34	2
28	34	11
46	34	1
55	34	1
215	34	1
26	35	2
240	35	1
26	36	2
51	36	1
68	36	1
26	38	1
126	38	1
224	38	1
70	39	4
82	40	1
39	41	2
76	41	1
5	42	5
34	42	16
37	42	1
40	42	4
49	42	1
75	42	5
16	43	10
23	43	8
34	43	10
37	43	9
42	43	7
44	43	8
45	43	9
46	43	11
50	43	11
73	43	3
76	43	2
84	43	9
95	43	1
96	43	29
111	43	4
132	43	5
152	43	15
153	43	15
154	43	15
156	43	15
157	43	15
158	43	10
166	43	29
167	43	22
174	43	10
176	43	14
177	43	10
179	43	10
187	43	10
196	43	8
198	43	2
213	43	5
218	43	29
220	43	8
229	43	22
232	43	29
236	43	23
237	43	10
248	43	8
250	43	1
252	43	22
253	43	18
263	43	18
266	43	18
267	43	25
268	43	25
272	43	25
273	43	15
279	43	18
282	43	8
285	43	1
289	43	1
290	43	1
49	44	1
57	44	5
5	45	9
44	45	8
60	45	1
81	45	4
86	45	4
12	46	11
17	46	2
30	46	3
33	46	2
65	46	1
86	46	3
92	46	1
131	46	1
12	47	10
30	47	1
51	47	1
61	47	1
66	47	2
30	48	2
35	48	1
40	48	1
58	48	1
69	48	5
37	49	1
57	49	1
65	49	1
17	50	2
25	50	1
56	50	3
65	50	2
68	51	7
53	54	2
61	54	6
53	55	3
70	55	2
89	57	2
6	58	5
29	58	4
61	58	9
62	58	2
66	58	1
194	58	1
88	59	4
94	62	1
29	63	3
37	63	2
208	63	1
82	64	4
102	64	5
30	65	3
65	66	2
94	66	1
65	67	1
65	68	2
18	69	2
33	71	3
94	71	1
221	71	3
5	72	7
6	72	1
17	72	3
81	72	4
89	72	1
129	72	2
19	73	4
20	73	3
63	73	1
75	73	2
89	73	1
210	73	6
235	73	1
20	74	1
72	74	3
70	75	2
5	76	20
131	76	1
54	77	3
45	78	1
90	78	1
171	78	1
31	80	3
62	80	1
70	82	3
0	83	3
41	83	4
119	83	1
124	83	4
171	83	9
198	83	1
200	83	4
201	83	5
212	83	1
225	83	4
240	83	5
57	84	1
136	84	2
52	85	1
97	85	1
100	85	5
105	85	4
118	85	5
124	85	16
128	85	5
129	85	5
131	85	3
198	85	8
200	85	5
203	85	3
206	85	3
68	86	1
141	86	1
149	86	2
213	86	1
68	87	1
70	88	1
104	88	1
136	88	3
235	88	1
52	89	1
58	90	1
89	90	1
15	91	1
144	92	1
62	93	1
126	95	1
205	95	1
186	96	2
194	96	4
250	96	1
277	96	9
279	96	15
41	97	2
64	97	2
122	97	2
149	97	1
183	97	1
225	97	1
58	98	1
133	98	1
115	99	3
112	100	1
7	101	2
9	101	13
99	101	13
7	102	2
99	102	2
115	102	1
122	102	3
92	103	2
136	103	3
138	104	3
86	105	1
121	105	1
134	106	6
8	107	2
141	107	1
190	107	1
142	108	1
138	109	2
190	109	2
197	109	1
108	110	1
33	111	1
107	111	3
109	111	1
144	112	6
92	113	1
101	113	7
119	113	1
120	113	11
121	113	12
128	113	2
146	113	1
209	113	1
223	113	1
112	114	6
120	114	1
126	114	3
15	115	2
141	115	2
15	116	1
118	116	3
128	116	6
148	116	1
183	116	1
190	116	3
197	116	1
200	116	1
223	116	10
255	116	1
15	117	4
128	117	14
206	117	6
215	117	1
223	117	2
15	118	1
129	118	1
148	118	1
169	118	1
200	118	1
206	118	3
190	119	2
207	119	1
108	121	9
114	121	4
120	123	4
121	123	3
94	124	2
97	124	2
110	124	5
200	124	1
204	124	1
216	124	2
223	124	2
225	124	1
114	125	3
139	126	1
0	128	2
62	128	3
171	128	1
238	128	1
0	129	16
107	129	4
136	129	1
141	129	1
0	130	2
103	130	3
217	130	1
89	131	3
132	131	1
214	131	2
113	132	2
101	134	1
135	134	1
207	134	4
107	136	2
128	136	1
217	136	1
228	136	2
246	136	3
257	136	5
258	136	7
260	136	5
114	137	1
121	138	1
112	140	14
135	140	2
144	140	4
9	141	1
83	141	1
145	141	1
149	141	2
198	141	2
283	141	1
201	144	2
227	144	2
145	146	4
118	147	1
145	147	13
212	147	1
244	147	3
140	148	4
117	150	1
1	151	4
11	151	4
83	151	2
85	151	2
117	151	2
252	151	1
116	152	2
176	152	2
252	152	1
3	153	2
2	154	1
11	154	2
85	154	2
83	155	2
83	156	1
116	156	1
141	156	1
83	157	2
191	157	1
1	158	4
11	158	4
117	158	3
205	158	2
1	159	4
116	159	2
3	160	4
116	160	6
154	160	1
2	161	1
117	161	4
156	161	1
160	161	1
11	162	9
85	162	1
117	162	3
141	162	2
271	163	1
1	164	7
151	164	1
163	164	1
276	164	2
96	165	3
164	165	1
194	165	2
11	166	5
41	166	1
116	166	1
152	166	1
176	166	5
3	167	2
11	167	3
124	167	5
193	169	1
257	169	1
11	170	2
124	170	3
201	170	1
11	171	36
94	171	2
97	171	4
225	171	1
239	171	2
3	172	8
41	172	1
116	172	3
117	172	3
186	172	5
118	173	1
186	173	7
11	174	10
83	174	1
1	175	14
11	175	14
116	175	1
117	175	1
174	175	1
225	175	2
11	176	2
175	176	2
254	176	2
256	176	1
258	176	1
116	177	1
117	177	1
236	177	1
1	178	4
3	178	5
117	178	3
132	178	1
177	178	1
11	179	4
83	179	1
1	180	6
11	180	6
116	180	1
2	181	1
11	181	4
116	181	2
141	181	1
180	181	1
283	182	1
117	183	6
124	183	1
41	184	3
198	184	1
260	184	5
141	185	3
190	185	3
110	186	5
144	186	1
194	186	2
201	186	1
202	186	4
206	186	4
85	187	1
160	188	23
167	188	1
80	189	1
83	189	6
85	189	6
87	189	1
93	189	1
110	189	3
173	189	1
212	189	5
225	189	2
251	189	1
294	189	1
106	190	1
7	192	6
117	192	1
147	192	1
202	192	2
243	192	2
282	192	2
116	193	1
183	193	1
2	194	1
192	194	6
243	194	1
282	194	2
132	196	1
158	196	1
159	196	23
177	196	3
178	196	3
218	196	1
231	196	1
94	197	1
97	197	2
110	197	4
122	197	4
148	198	1
206	198	1
282	198	1
122	199	1
132	199	2
150	199	1
159	199	1
244	199	1
281	199	1
171	200	3
198	201	9
204	201	1
227	201	3
243	201	1
214	202	3
94	203	4
141	203	2
193	203	4
249	203	1
121	204	2
149	204	1
206	204	1
212	205	1
97	206	8
169	206	1
9	207	4
19	208	1
62	208	1
74	208	3
105	208	1
192	209	4
88	211	2
136	211	1
47	212	1
194	212	7
213	212	1
46	213	6
71	213	1
194	213	2
112	214	1
148	214	1
92	215	2
148	215	1
214	215	2
170	216	11
184	216	1
66	217	1
184	217	22
194	217	7
132	218	1
144	218	1
186	218	1
195	218	8
206	218	2
231	218	1
236	218	19
244	218	2
281	218	1
186	219	1
111	222	3
100	223	1
203	224	4
198	225	2
201	225	3
203	225	3
166	226	23
198	226	1
283	226	1
225	227	7
179	230	1
206	230	4
231	230	22
232	230	1
237	230	2
171	231	4
167	232	4
178	232	11
202	232	1
203	232	1
231	232	4
237	232	4
244	232	4
261	232	15
262	232	6
283	232	1
161	233	6
168	233	1
244	233	4
8	235	1
86	235	1
188	236	6
196	236	8
281	237	1
283	243	1
243	244	1
170	245	1
278	245	1
246	247	2
152	248	2
252	248	22
276	248	1
283	248	1
219	251	3
124	252	4
176	252	4
124	253	1
169	254	1
124	255	2
183	255	1
206	255	3
219	255	2
258	257	1
124	261	1
171	263	1
124	265	3
171	265	3
171	266	2
163	267	1
273	267	16
167	268	7
187	268	3
244	268	3
162	270	1
244	270	5
269	270	16
275	270	1
168	271	1
273	272	2
283	272	1
167	274	9
163	275	3
265	275	15
266	275	6
168	276	9
174	276	8
266	276	15
279	276	6
244	281	2
100	0	1
141	0	1
15	1	4
30	2	14
107	2	4
70	3	5
81	3	2
69	4	1
136	5	2
90	6	1
194	7	2
1	11	6
137	11	1
223	11	10
62	12	1
14	17	6
15	18	1
14	21	1
8	23	4
62	23	1
49	34	4
90	34	4
22	43	8
47	43	4
60	43	6
131	43	4
230	43	25
233	43	25
281	43	4
52	45	2
5	46	8
68	46	1
49	47	1
61	48	2
56	57	1
194	63	1
12	72	10
15	72	2
60	81	1
100	83	4
207	100	1
86	102	1
134	104	1
109	107	4
100	113	2
115	116	2
225	116	1
197	118	4
15	119	2
247	124	28
208	130	2
19	131	1
106	138	3
217	144	1
228	144	2
283	144	1
3	161	1
11	161	12
117	165	1
219	176	1
179	180	1
1	182	2
258	183	1
136	184	63
83	188	1
242	189	1
149	190	1
110	192	2
190	201	7
217	202	1
235	211	3
129	212	2
62	224	5
96	226	1
41	231	1
231	233	7
141	244	3
206	251	2
244	251	1
191	270	7
278	275	8
282	275	2
