15	0	6
107	0	9
115	0	5
123	0	1
135	0	1
140	0	3
194	0	2
213	0	1
240	0	2
6	1	2
71	1	3
83	1	25
86	1	1
88	1	1
98	1	1
110	1	2
113	1	1
120	1	2
128	1	18
169	1	4
171	1	10
192	1	7
193	1	7
200	1	3
202	1	2
206	1	6
224	1	2
225	1	1
238	1	3
254	1	6
256	1	7
4	2	4
10	2	4
26	2	4
57	2	5
62	2	1
64	2	3
81	2	2
89	2	8
91	2	2
92	2	2
100	2	1
113	2	1
136	2	8
171	2	3
215	2	1
223	2	3
238	2	1
7	3	2
8	3	2
40	3	2
51	3	1
66	3	1
75	3	3
83	3	3
86	3	3
89	3	6
91	3	2
98	3	3
107	3	1
124	3	1
148	3	1
186	3	1
202	3	1
206	3	3
58	4	1
6	5	2
12	5	1
29	5	2
51	5	4
58	5	9
102	5	1
104	5	12
106	5	4
107	5	7
200	5	2
0	6	3
8	6	1
30	6	10
57	6	1
59	6	1
81	6	1
89	6	6
4	7	9
64	7	2
62	8	6
104	8	2
194	8	3
4	9	1
134	9	12
4	10	1
53	10	1
64	10	7
136	10	1
10	11	2
13	11	1
19	11	5
20	11	5
66	11	5
84	11	1
90	11	1
92	11	1
115	11	2
118	11	2
124	11	7
128	11	13
129	11	2
130	11	5
136	11	3
183	11	3
200	11	5
210	11	15
240	11	2
246	11	27
254	11	9
256	11	7
260	11	5
4	12	4
9	12	5
10	12	6
13	12	3
52	12	1
58	12	12
101	12	7
102	12	6
115	12	4
136	12	1
137	12	2
9	13	5
52	13	2
53	13	1
59	13	1
70	13	2
126	13	1
131	13	1
133	13	1
192	13	1
89	14	2
215	14	1
11	15	3
240	15	1
41	16	1
69	16	6
14	18	5
61	18	8
57	19	4
64	19	1
70	19	1
120	19	1
31	20	1
54	20	1
57	20	2
82	20	1
53	21	9
55	21	3
69	21	11
115	21	1
5	22	12
12	22	10
16	22	11
17	22	7
40	22	3
49	22	3
67	22	3
74	22	2
89	22	1
90	22	1
208	22	1
240	23	2
14	24	2
208	24	2
5	26	1
58	26	2
89	26	1
239	26	1
26	27	1
109	27	1
133	27	1
149	27	2
30	28	1
31	28	1
41	28	1
26	29	1
28	29	6
26	30	11
66	30	2
89	30	1
120	30	1
210	30	1
26	31	3
29	31	3
26	32	1
29	32	14
60	32	3
12	33	3
12	34	6
30	34	10
55	34	1
82	34	1
215	34	1
26	35	2
67	35	1
240	35	1
26	36	2
33	36	3
51	36	1
212	36	1
29	37	3
65	37	1
58	38	1
91	38	3
133	38	1
148	38	2
53	39	7
55	39	2
70	39	4
16	40	1
39	40	2
70	40	1
39	41	2
76	41	1
124	41	1
205	41	3
17	42	1
31	42	3
33	42	1
37	42	1
40	42	4
70	42	3
75	42	5
86	42	1
23	43	8
25	43	9
28	43	10
33	43	4
34	43	10
35	43	7
40	43	10
45	43	9
46	43	11
48	43	14
55	43	6
59	43	10
73	43	3
74	43	3
76	43	2
84	43	9
86	43	3
88	43	9
95	43	1
111	43	4
150	43	1
151	43	15
153	43	15
154	43	15
155	43	15
157	43	15
159	43	29
161	43	29
163	43	29
164	43	29
166	43	29
168	43	22
176	43	14
178	43	31
181	43	10
182	43	8
186	43	6
187	43	10
188	43	25
191	43	22
194	43	5
195	43	10
206	43	7
218	43	29
220	43	8
226	43	8
229	43	22
231	43	22
232	43	29
237	43	10
244	43	8
245	43	30
261	43	18
268	43	25
270	43	25
272	43	25
273	43	15
274	43	29
276	43	29
279	43	18
280	43	18
282	43	8
283	43	11
284	43	1
285	43	1
286	43	1
288	43	1
290	43	1
292	43	1
293	43	1
30	44	3
49	44	1
57	44	5
18	45	4
40	45	2
49	45	4
60	45	1
208	45	1
12	46	11
33	46	2
40	46	1
49	46	4
62	46	2
65	46	1
86	46	3
89	46	2
92	46	1
131	46	1
61	47	1
66	47	2
89	47	5
91	47	1
92	47	3
129	47	1
208	47	1
213	47	1
25	48	1
29	48	2
30	48	2
31	48	1
40	48	1
58	48	1
69	48	5
5	49	1
37	49	1
65	49	1
17	50	2
25	50	1
29	50	3
53	50	4
55	50	1
65	50	2
69	50	2
29	51	1
68	51	7
21	54	2
53	54	2
70	54	6
70	55	2
224	55	1
58	57	1
66	57	1
89	57	2
6	58	5
18	58	5
66	58	1
60	59	1
84	59	3
56	60	3
61	62	4
94	62	1
25	63	2
29	63	3
37	63	2
61	63	2
111	63	3
208	63	1
82	64	4
92	64	1
102	64	5
200	64	1
30	65	3
205	66	3
32	67	2
65	67	1
58	70	1
62	70	1
215	70	3
0	71	2
33	71	3
94	71	1
111	71	4
132	71	4
136	71	1
212	71	1
221	71	3
5	72	7
6	72	1
17	72	3
19	72	3
30	72	1
75	72	1
81	72	4
89	72	1
113	72	3
129	72	2
217	72	1
0	73	1
12	73	10
17	73	4
19	73	4
30	73	1
33	73	1
210	73	6
235	73	1
13	74	2
19	74	1
20	74	1
72	74	3
89	74	1
105	74	2
70	75	2
5	76	20
20	76	2
89	76	1
90	76	3
100	76	2
131	76	1
234	76	1
235	76	1
54	77	3
92	77	2
45	78	1
67	78	2
90	78	1
171	78	1
18	79	3
31	80	3
62	80	1
0	83	3
15	83	1
41	83	4
51	83	1
82	83	1
97	83	4
105	83	3
110	83	3
115	83	6
118	83	1
119	83	1
120	83	1
122	83	1
124	83	4
128	83	4
129	83	2
131	83	2
136	83	1
171	83	9
192	83	1
198	83	1
200	83	4
201	83	5
214	83	10
225	83	4
240	83	5
20	84	1
57	84	1
82	84	1
107	84	5
136	84	2
217	84	1
234	84	2
1	85	2
41	85	3
51	85	1
68	85	1
92	85	2
97	85	1
100	85	5
105	85	4
110	85	7
113	85	3
118	85	5
120	85	2
124	85	16
129	85	5
148	85	2
171	85	6
197	85	2
198	85	8
204	85	16
214	85	1
223	85	2
240	85	4
68	86	1
68	87	1
239	87	1
19	88	2
68	88	1
101	88	4
122	88	1
52	89	1
70	89	2
58	90	1
89	90	1
15	91	1
35	92	2
62	92	3
70	92	4
71	92	1
130	92	1
5	93	1
62	93	1
205	94	4
124	95	5
126	95	1
205	95	1
164	96	1
166	96	1
186	96	2
194	96	4
249	96	1
250	96	1
252	96	4
253	96	15
277	96	9
279	96	15
15	97	2
64	97	2
120	97	2
122	97	2
149	97	1
183	97	1
203	97	7
214	97	2
224	97	1
58	98	1
133	98	1
115	99	3
92	100	1
112	100	1
202	100	1
99	101	13
102	101	6
190	101	2
99	102	2
104	102	3
138	102	1
99	103	2
122	103	1
136	103	3
138	104	3
197	104	3
66	105	1
86	105	1
108	105	1
104	106	2
114	106	12
127	106	11
134	106	6
7	107	1
8	107	2
104	107	8
106	107	6
141	107	1
86	108	3
142	108	1
104	109	6
138	109	2
190	109	2
197	109	1
204	110	4
104	111	2
107	111	3
136	111	2
197	111	2
101	112	4
126	112	2
134	112	4
137	112	2
144	112	6
15	113	1
27	113	2
71	113	1
92	113	1
101	113	7
107	113	1
114	113	7
119	113	1
120	113	11
134	113	3
141	113	1
194	113	5
209	113	1
223	113	1
120	114	1
126	114	3
135	114	1
15	115	2
190	115	1
2	116	1
11	116	72
15	116	1
85	116	3
86	116	1
108	116	5
141	116	3
171	116	6
190	116	3
200	116	1
223	116	10
260	116	4
1	117	72
3	117	1
10	117	1
66	117	1
97	117	4
115	117	4
120	117	2
122	117	1
128	117	14
148	117	1
149	117	1
169	117	2
200	117	1
202	117	2
206	117	6
215	117	1
219	117	1
223	117	2
227	117	1
256	117	1
15	118	1
41	118	2
94	118	2
105	118	3
129	118	1
148	118	1
190	118	2
200	118	1
219	118	1
141	119	1
190	119	2
207	119	1
27	121	10
108	121	9
120	121	11
137	121	4
146	121	11
118	122	2
120	122	3
198	122	5
228	122	1
258	122	1
9	123	5
114	123	2
120	123	4
121	123	3
134	123	2
135	123	2
142	123	2
1	124	37
2	124	3
94	124	2
116	124	4
118	124	4
120	124	2
200	124	1
204	124	1
205	124	4
215	124	4
216	124	2
223	124	2
254	124	13
125	126	6
139	126	1
114	127	2
133	127	5
138	127	9
0	128	2
66	128	3
171	128	1
0	129	16
19	129	2
89	129	5
130	129	5
136	129	1
141	129	1
217	129	3
0	130	2
132	130	9
217	130	1
89	131	3
100	131	3
115	131	1
214	131	2
217	131	3
113	132	2
136	132	1
223	132	1
101	134	1
133	134	2
135	134	1
142	134	2
207	134	4
107	136	2
128	136	1
170	136	61
171	136	4
216	136	3
246	136	3
247	136	3
258	136	7
260	136	5
9	137	14
135	137	2
142	137	1
207	139	1
112	140	14
115	140	1
190	140	1
83	141	1
108	141	1
260	141	2
283	141	1
140	143	5
97	144	1
122	144	2
201	144	2
227	144	2
149	145	2
145	146	4
147	146	4
118	147	1
197	147	2
202	147	1
212	147	1
225	147	1
244	147	3
146	149	3
1	150	1
11	150	1
116	150	1
117	150	1
124	150	1
1	151	4
85	151	2
116	151	2
117	151	2
252	151	1
1	152	9
116	152	2
176	152	2
252	152	1
124	153	2
171	153	2
229	153	1
1	154	2
11	154	2
83	154	2
85	154	2
83	155	2
116	155	1
117	155	1
167	155	1
1	156	4
11	156	4
85	156	1
117	156	1
191	156	1
1	157	2
11	157	2
85	157	2
191	157	1
1	158	4
150	158	1
218	158	2
1	159	4
11	159	4
116	159	2
124	159	1
186	159	1
3	160	4
11	160	9
116	160	6
117	160	6
2	161	1
117	161	4
156	161	1
1	162	9
11	162	9
83	162	1
85	162	1
117	162	3
1	163	2
11	163	2
162	163	1
1	164	7
11	164	7
151	164	1
163	164	1
1	165	14
11	165	14
152	165	1
164	165	1
194	165	2
225	165	2
117	166	1
165	166	1
258	166	6
1	167	2
3	167	2
41	167	1
136	167	3
171	167	5
1	168	2
11	168	2
136	168	1
141	168	1
116	169	7
176	169	2
193	169	1
257	169	1
11	170	2
201	170	1
11	171	36
41	171	2
94	171	2
97	171	4
110	171	7
117	171	2
118	171	3
176	171	3
183	171	3
205	171	6
206	171	2
225	171	1
239	171	2
246	171	28
256	171	3
2	172	8
3	172	8
11	172	1
41	172	1
116	172	3
117	172	3
141	172	1
186	172	5
190	172	1
3	173	17
186	173	7
1	174	10
11	174	10
83	174	1
85	174	1
245	174	1
11	175	14
116	175	1
117	175	1
174	175	1
225	175	2
1	176	2
11	176	2
136	176	1
254	176	2
255	176	1
257	176	1
258	176	1
1	177	3
2	177	2
3	177	2
11	177	3
117	177	1
132	177	1
172	177	1
1	178	4
3	178	5
11	178	4
177	178	1
1	179	4
83	179	1
1	180	6
11	180	6
116	180	1
1	181	4
3	181	1
11	181	4
117	181	2
141	181	1
190	181	1
283	182	1
1	183	12
117	183	6
124	183	1
41	184	3
171	184	3
260	184	5
1	185	2
190	185	3
85	186	1
110	186	5
124	186	1
144	186	1
171	186	1
201	186	1
202	186	4
203	186	4
206	186	4
244	186	1
83	187	1
85	188	1
154	188	18
160	188	23
178	188	2
203	188	2
206	188	2
231	188	9
232	188	1
244	188	1
36	189	1
78	189	1
79	189	1
80	189	1
83	189	6
85	189	6
93	189	1
173	189	1
184	189	4
185	189	1
194	189	5
203	189	2
206	189	2
241	189	1
246	189	1
247	189	1
251	189	1
295	189	1
97	190	1
102	190	1
106	190	1
144	190	3
116	191	1
117	191	1
171	191	7
7	192	6
117	192	1
144	192	1
147	192	1
202	192	2
243	192	2
116	193	1
183	193	1
2	194	1
144	194	1
147	194	1
192	194	6
225	194	1
243	194	1
282	194	2
132	195	4
2	196	1
3	196	1
132	196	1
153	196	1
158	196	1
218	196	1
229	196	9
231	196	1
94	197	1
97	197	2
110	197	4
122	197	4
148	197	1
227	197	1
147	198	1
148	198	1
186	198	2
197	198	5
206	198	1
282	198	1
147	199	1
150	199	1
159	199	1
177	199	1
229	199	1
244	199	1
281	199	1
102	200	1
122	200	1
171	200	3
97	201	5
122	201	11
141	201	2
149	201	3
227	201	3
243	201	1
122	202	6
214	202	3
94	203	4
249	203	1
118	204	2
121	204	2
203	204	1
97	205	2
212	205	1
216	205	1
97	206	8
169	206	1
224	206	1
9	207	4
12	208	5
62	208	1
105	208	1
129	209	2
192	209	4
194	209	4
210	209	2
84	210	2
131	210	5
136	210	1
234	210	3
66	211	1
88	211	2
131	211	6
7	212	1
8	212	4
47	212	1
192	212	2
194	212	7
213	212	1
7	213	1
71	213	1
132	213	2
194	213	2
238	213	1
62	214	1
92	215	2
170	216	11
184	216	1
8	217	1
184	217	22
192	217	1
209	217	3
213	217	4
144	218	1
147	218	1
177	218	8
186	218	1
199	218	2
203	218	2
229	218	4
231	218	1
236	218	19
244	218	2
171	219	2
186	219	1
203	219	3
176	220	3
186	220	3
283	220	1
103	221	1
111	222	3
66	223	4
100	223	1
203	224	4
193	225	1
198	225	2
201	225	3
203	225	3
152	226	16
165	226	23
166	226	23
175	226	2
283	226	1
225	228	4
227	228	11
155	230	16
167	230	9
179	230	1
191	230	1
206	230	4
231	230	22
232	230	1
244	230	2
171	231	4
110	232	1
178	232	11
179	232	8
202	232	1
203	232	1
262	232	6
161	233	6
168	233	1
191	233	9
8	235	1
86	235	1
141	237	5
190	237	2
244	237	1
281	237	1
215	238	2
94	239	6
190	243	10
206	244	1
278	245	1
152	248	2
164	248	23
219	251	3
255	251	3
136	252	2
176	252	4
227	254	5
228	254	1
169	255	1
206	255	3
258	257	1
124	261	1
171	261	1
171	262	4
124	263	1
171	263	1
171	266	2
163	267	1
252	267	9
273	267	16
276	267	1
277	267	7
283	267	1
157	268	16
161	268	1
162	268	23
167	268	7
168	268	9
187	268	3
191	268	22
244	268	3
269	268	2
274	268	1
168	269	1
269	270	16
271	270	2
283	270	1
168	272	7
245	272	3
271	272	16
273	272	2
275	272	1
283	272	1
161	274	3
167	274	9
181	274	8
262	274	15
264	274	6
283	274	1
162	275	1
163	275	3
187	275	8
244	275	10
265	275	15
168	276	9
174	276	8
245	276	8
277	276	4
279	276	6
280	276	15
187	278	1
244	282	1
15	1	4
13	2	2
107	2	4
30	3	1
70	3	5
81	3	2
223	3	2
69	4	1
110	5	2
90	6	1
62	7	5
122	7	1
194	7	2
1	11	6
223	11	10
62	12	1
14	15	1
15	18	1
14	21	1
39	21	3
41	21	4
239	22	1
57	23	4
31	32	1
5	34	8
49	34	4
90	34	4
39	42	6
47	43	4
60	43	6
131	43	4
175	43	10
199	43	8
201	43	2
209	43	4
281	43	4
22	45	17
52	45	2
57	45	2
5	46	8
49	47	1
60	48	1
61	48	2
68	49	3
49	51	1
56	57	1
194	63	1
61	64	2
20	72	2
208	72	2
17	75	1
60	81	1
205	83	6
108	85	3
175	96	8
255	97	1
136	98	1
62	100	1
207	100	1
207	101	10
86	102	1
109	107	4
15	114	3
197	118	4
15	119	2
176	124	2
247	124	28
222	130	5
19	131	1
212	131	2
201	132	1
102	136	4
118	141	2
143	144	14
217	144	1
283	144	1
11	152	9
231	154	1
116	158	3
153	159	1
11	161	12
141	163	1
124	171	4
203	171	2
1	172	1
11	173	2
117	173	6
219	176	1
116	178	3
2	179	1
178	179	1
141	180	1
1	182	2
11	182	2
258	183	1
136	184	63
97	185	1
83	188	1
229	188	22
223	189	3
242	189	1
149	190	1
116	192	1
206	193	3
2	195	6
158	199	1
237	199	1
217	202	1
235	211	3
129	212	2
96	220	1
206	220	1
62	224	5
96	226	1
236	232	1
231	233	7
236	237	1
141	244	3
206	251	2
244	251	1
228	256	5
171	264	5
191	270	7
278	275	8
