107	0	9
123	0	1
137	0	1
140	0	3
213	0	1
6	1	2
71	1	3
86	1	1
97	1	2
98	1	1
108	1	5
169	1	4
192	1	7
200	1	3
203	1	6
206	1	6
224	1	2
225	1	1
256	1	7
4	2	4
7	2	1
10	2	4
61	2	1
91	2	2
97	2	4
100	2	1
171	2	3
238	2	1
1	3	48
8	3	2
86	3	3
107	3	1
108	3	2
118	3	4
186	3	1
202	3	1
206	3	3
58	4	1
126	4	3
6	5	2
51	5	4
102	5	1
57	6	1
89	6	6
98	6	12
110	8	1
114	9	4
125	9	7
64	10	7
4	11	3
13	11	1
110	11	1
118	11	2
124	11	7
129	11	2
192	11	5
193	11	7
200	11	5
257	11	1
260	11	5
4	12	4
9	12	5
10	12	6
58	12	12
64	12	8
69	12	1
99	12	12
113	12	1
119	12	3
59	13	1
89	13	3
131	13	1
133	13	1
17	16	1
18	16	2
41	16	1
14	18	5
99	18	1
18	19	1
61	19	1
64	19	1
67	19	1
120	19	1
14	20	4
56	20	1
238	20	1
25	21	3
100	21	2
115	21	1
14	22	3
16	22	11
17	22	7
40	22	3
42	22	1
52	22	4
57	22	1
14	23	1
240	23	2
5	24	1
208	24	2
14	25	2
26	27	1
133	27	1
26	28	2
90	28	1
26	29	1
66	30	2
89	30	1
29	31	3
51	32	3
56	32	12
105	32	1
12	33	3
12	34	6
26	34	2
54	34	4
55	34	1
7	35	3
26	35	2
67	35	1
70	35	4
235	35	1
212	36	1
29	37	3
65	37	1
26	38	1
91	38	3
144	38	1
149	38	1
53	39	7
55	39	2
70	39	4
16	40	1
39	40	2
39	41	2
170	41	2
183	41	1
205	41	3
17	42	1
33	42	1
37	42	1
49	42	1
70	42	3
75	42	5
86	42	1
92	42	4
25	43	9
33	43	4
37	43	9
40	43	10
42	43	7
44	43	8
46	43	11
59	43	10
88	43	9
92	43	5
95	43	1
96	43	29
111	43	4
141	43	24
150	43	1
154	43	15
156	43	15
158	43	10
160	43	29
161	43	29
163	43	29
165	43	29
166	43	29
168	43	22
178	43	31
179	43	10
180	43	10
181	43	10
190	43	25
191	43	22
194	43	5
198	43	2
203	43	7
208	43	5
218	43	29
226	43	8
232	43	29
236	43	23
244	43	8
250	43	1
253	43	18
264	43	18
269	43	15
278	43	10
280	43	18
282	43	8
283	43	11
287	43	1
288	43	1
289	43	1
291	43	1
292	43	1
30	44	3
49	44	1
56	44	7
57	44	5
5	45	9
12	45	10
60	45	1
81	45	4
86	45	4
49	46	4
62	46	2
86	46	3
131	46	1
12	47	10
51	47	1
61	47	1
86	47	3
91	47	1
92	47	3
129	47	1
208	47	1
25	48	1
30	48	2
31	48	1
35	48	1
53	48	4
56	48	2
58	48	1
69	48	5
28	49	1
17	50	2
29	50	3
55	50	1
56	50	3
65	50	2
69	50	2
102	51	2
104	51	1
70	54	6
53	55	3
224	55	1
30	57	8
58	57	1
239	57	1
18	58	5
29	58	4
56	59	1
60	59	1
84	59	3
95	59	1
61	63	2
65	63	1
103	63	5
111	63	3
102	64	5
200	64	1
58	65	6
1	66	2
205	66	3
57	68	3
17	70	4
62	70	1
215	70	3
0	71	2
132	71	4
212	71	1
5	72	7
30	72	1
75	72	1
89	72	1
129	72	2
217	72	1
12	73	10
19	73	4
20	73	3
75	73	2
76	73	4
89	73	1
129	73	3
217	73	2
17	74	4
19	74	1
20	74	1
30	74	3
52	74	4
72	74	3
89	76	1
90	76	3
234	76	1
235	76	1
52	77	1
92	77	2
124	77	2
45	78	1
18	79	3
31	80	3
70	82	3
11	83	2
41	83	4
82	83	1
97	83	4
110	83	3
115	83	6
128	83	4
171	83	9
198	83	1
201	83	5
204	83	1
212	83	1
240	83	5
20	84	1
82	84	1
217	84	1
234	84	2
41	85	3
52	85	1
83	85	4
109	85	2
110	85	7
118	85	5
131	85	3
148	85	2
203	85	3
204	85	16
206	85	3
214	85	1
240	85	4
66	86	2
68	86	1
213	86	1
12	87	1
68	87	1
68	88	1
136	88	3
124	89	2
238	89	2
89	90	1
62	92	3
171	95	4
205	95	1
164	96	1
186	96	2
194	96	4
249	96	1
253	96	15
277	96	9
66	97	1
120	97	2
122	97	2
149	97	1
203	97	7
104	98	3
92	100	1
99	100	1
202	100	1
58	101	6
99	101	13
104	102	3
122	102	3
138	102	1
197	102	3
122	103	1
136	103	3
148	103	1
222	103	6
138	104	3
114	106	12
58	107	4
104	107	8
141	107	1
190	107	1
86	108	3
104	108	3
190	109	2
197	109	1
104	110	2
33	111	1
109	111	1
136	111	2
115	112	7
92	113	1
119	113	1
128	113	2
146	113	1
209	113	1
120	114	1
126	114	3
135	114	1
15	115	2
141	115	2
190	115	1
11	116	72
85	116	3
118	116	3
120	116	5
148	116	1
183	116	1
197	116	1
254	116	1
256	116	1
260	116	4
1	117	72
10	117	1
97	117	4
120	117	2
124	117	6
200	117	1
202	117	2
203	117	6
215	117	1
225	117	1
227	117	1
86	118	1
97	118	1
105	118	3
148	118	1
169	118	1
200	118	1
190	119	2
114	121	4
137	121	4
149	121	4
228	122	1
9	123	5
114	123	2
120	123	4
97	124	2
118	124	4
200	124	1
204	124	1
215	124	4
216	124	2
223	124	2
224	124	2
225	124	1
256	124	6
257	124	2
207	125	5
125	126	6
139	126	1
138	127	9
0	128	2
62	128	3
238	128	1
0	129	16
19	129	2
105	129	5
107	129	4
141	129	1
197	129	1
217	129	3
103	130	3
113	130	1
132	130	9
217	130	1
101	131	3
113	131	14
115	131	1
190	131	2
214	131	2
217	131	3
113	132	2
136	132	1
223	132	1
101	134	1
135	134	1
101	136	4
107	136	2
124	136	9
212	136	1
216	136	3
223	136	1
228	136	2
247	136	3
260	136	5
9	137	14
114	137	1
123	137	2
121	138	1
190	140	1
9	141	1
149	141	2
283	141	1
140	143	5
110	144	1
225	144	1
227	144	2
149	145	2
118	147	1
145	147	13
197	147	2
202	147	1
225	147	1
140	148	4
1	150	1
2	150	5
83	150	1
117	150	1
186	150	1
85	151	2
252	151	1
1	152	9
171	153	2
83	154	2
85	154	2
1	155	2
116	155	1
191	156	1
1	157	2
83	157	2
205	158	2
218	158	2
1	159	4
116	159	2
124	159	1
2	160	4
3	160	4
116	160	6
117	160	6
1	161	12
2	161	1
160	161	1
11	162	9
85	162	1
116	162	3
141	162	2
1	163	2
11	163	2
271	163	1
11	164	7
163	164	1
11	165	14
96	165	3
116	165	1
152	165	1
194	165	2
1	166	5
41	166	1
116	166	1
117	166	1
2	167	2
124	167	5
171	167	5
11	168	2
124	168	3
136	168	1
141	168	1
171	168	3
11	169	10
171	169	1
176	169	2
257	169	1
201	170	1
41	171	2
94	171	2
176	171	3
183	171	3
206	171	2
215	171	2
256	171	3
117	172	3
141	172	1
186	172	5
3	173	17
118	173	1
1	174	10
83	174	1
245	174	1
1	175	14
117	175	1
174	175	1
225	175	2
1	176	2
136	176	1
175	176	2
253	176	1
255	176	1
258	176	1
116	177	1
117	177	1
172	177	1
1	178	4
117	178	3
3	179	1
1	180	6
11	180	6
117	180	1
116	181	2
176	182	12
1	183	12
117	183	6
1	184	2
212	184	4
260	184	5
141	185	3
89	186	2
144	186	1
194	186	2
202	186	4
181	187	1
85	188	1
154	188	18
155	188	2
160	188	23
167	188	1
206	188	2
231	188	9
36	189	1
78	189	1
83	189	6
85	189	6
110	189	3
170	189	4
184	189	4
185	189	1
202	189	3
206	189	2
212	189	5
216	189	1
217	189	5
247	189	1
251	189	1
102	190	1
259	190	2
116	191	1
117	191	1
124	191	7
171	191	7
144	192	1
243	192	2
282	192	2
117	193	24
183	193	1
144	194	1
192	194	6
225	194	1
132	195	4
132	196	1
153	196	1
154	196	4
177	196	3
122	197	4
227	197	1
147	198	1
197	198	5
282	198	1
122	199	1
144	199	1
147	199	1
171	200	3
122	201	11
141	201	2
198	201	9
204	201	1
227	201	3
122	202	6
94	203	4
141	203	2
118	204	2
206	204	1
94	206	7
9	207	4
62	208	1
74	208	3
105	208	1
129	209	2
131	209	1
194	209	4
84	210	2
136	210	1
129	211	4
8	212	4
170	212	22
192	212	2
209	212	1
7	213	1
194	213	2
112	214	1
148	214	1
92	215	2
170	216	11
184	216	1
8	217	1
89	217	3
209	217	3
213	217	4
132	218	1
177	218	8
203	218	2
206	218	2
236	218	19
281	218	1
176	220	3
203	220	1
283	220	1
111	222	3
100	223	1
128	223	2
205	224	3
203	225	3
206	225	3
152	226	16
225	228	4
155	230	16
156	230	2
179	230	1
229	230	7
232	230	1
244	230	2
124	231	4
110	232	1
160	232	3
178	232	11
179	232	8
202	232	1
237	232	4
261	232	15
157	233	2
168	233	1
191	233	9
244	233	4
8	235	1
86	235	1
188	236	6
141	237	5
206	237	2
281	237	1
141	243	5
203	244	1
206	244	1
184	245	1
246	247	2
152	248	2
276	248	1
283	248	1
203	251	2
219	251	3
255	251	3
136	252	2
124	253	1
136	253	2
169	254	1
227	254	5
228	254	1
227	256	4
258	257	1
124	261	1
124	263	1
171	263	1
124	264	5
171	265	3
124	266	2
163	267	1
273	267	16
277	267	7
167	268	7
277	268	1
168	269	1
187	270	2
283	270	1
245	272	3
271	272	16
273	272	2
277	272	22
277	273	1
167	274	9
180	274	8
262	274	15
283	274	1
191	275	9
283	275	1
174	276	8
245	276	8
283	276	1
126	0	2
141	0	1
15	1	4
13	2	2
107	2	4
17	3	19
70	3	5
81	3	2
69	4	1
136	5	2
62	7	5
194	7	2
94	11	5
137	11	1
223	11	10
14	15	1
15	18	1
14	21	1
16	21	7
39	21	3
8	23	4
31	32	1
49	34	4
147	38	1
22	43	8
47	43	4
201	43	2
209	43	4
230	43	25
233	43	25
243	43	10
265	43	18
275	43	29
281	43	4
5	46	8
37	48	2
61	48	2
49	51	1
194	63	1
208	72	2
211	72	6
81	73	1
17	75	1
100	83	4
108	85	3
57	87	1
255	97	1
207	100	1
119	101	7
134	104	1
109	107	4
15	112	5
115	116	2
225	116	1
176	124	2
208	130	2
222	130	5
102	136	4
118	141	2
3	150	5
229	150	1
3	154	1
116	158	3
117	159	2
153	159	1
3	161	1
141	163	1
202	171	4
117	173	6
219	176	1
11	182	2
136	184	63
170	184	2
83	188	1
229	188	22
223	189	3
242	189	1
62	224	5
96	226	1
206	232	1
274	233	1
151	267	2
282	275	2
