15	0	6
101	0	4
107	0	9
112	0	11
115	0	5
134	0	7
139	0	3
140	0	3
192	0	1
194	0	2
213	0	1
240	0	2
19	1	6
71	1	3
83	1	25
86	1	1
88	1	1
98	1	1
113	1	1
128	1	18
171	1	10
192	1	7
193	1	7
200	1	3
202	1	2
203	1	6
206	1	6
211	1	11
219	1	1
223	1	4
224	1	2
254	1	6
256	1	7
6	2	4
26	2	4
49	2	1
61	2	1
62	2	1
64	2	3
81	2	2
85	2	3
89	2	8
90	2	6
91	2	2
92	2	2
97	2	4
105	2	1
110	2	1
136	2	8
171	2	3
238	2	1
1	3	48
8	3	2
51	3	1
52	3	5
66	3	1
89	3	6
91	3	2
98	3	3
101	3	4
107	3	1
118	3	4
124	3	1
136	3	6
186	3	1
202	3	1
206	3	3
225	3	1
8	4	1
102	4	1
200	4	2
12	5	1
29	5	2
51	5	4
90	5	1
98	5	10
104	5	12
106	5	4
109	5	1
134	5	1
200	5	2
208	5	2
0	6	3
8	6	1
30	6	10
57	6	1
59	6	1
89	6	6
98	6	12
106	6	4
133	6	2
4	7	9
64	7	2
66	7	7
62	8	6
66	8	4
110	8	1
4	9	1
114	9	4
134	9	12
135	9	2
4	10	1
53	10	1
99	10	3
102	10	1
0	11	2
2	11	48
4	11	3
10	11	2
19	11	5
20	11	5
62	11	2
84	11	1
85	11	25
92	11	1
115	11	2
118	11	2
129	11	2
131	11	1
136	11	3
192	11	5
193	11	7
200	11	5
202	11	2
225	11	3
254	11	9
255	11	1
256	11	7
260	11	5
4	12	4
9	12	5
10	12	6
58	12	12
69	12	1
99	12	12
102	12	6
115	12	4
119	12	3
136	12	1
137	12	2
200	12	3
9	13	5
10	13	10
17	13	7
52	13	2
53	13	1
59	13	1
70	13	2
89	13	3
126	13	1
131	13	1
133	13	1
192	13	1
89	14	2
215	14	1
240	15	1
17	16	1
18	16	2
41	16	1
62	17	2
14	18	5
61	18	8
99	18	1
18	19	1
26	19	2
64	19	1
70	19	1
120	19	1
14	20	4
26	20	4
31	20	1
51	20	1
54	20	1
56	20	1
57	20	2
68	20	1
82	20	1
238	20	1
15	21	1
18	21	2
25	21	3
55	21	3
58	21	5
100	21	2
12	22	10
14	22	3
16	22	11
17	22	7
40	22	3
47	22	1
49	22	3
52	22	4
57	22	1
81	22	2
89	22	1
90	22	1
208	22	1
240	23	2
5	24	1
14	24	2
82	24	1
69	25	4
58	26	2
89	26	1
239	26	1
26	28	2
30	28	1
31	28	1
90	28	1
26	29	1
28	29	6
26	30	11
89	30	1
120	30	1
210	30	1
26	31	3
29	31	3
51	31	1
65	31	7
28	32	8
29	32	14
41	32	3
44	32	7
56	32	12
58	32	5
60	32	3
105	32	1
204	32	1
5	33	3
26	33	1
62	33	1
76	33	1
17	34	1
26	34	2
30	34	10
54	34	4
75	34	4
76	34	1
82	34	1
215	34	1
7	35	3
26	35	2
70	35	4
235	35	1
240	35	1
26	36	2
33	36	3
212	36	1
26	37	1
29	37	3
65	37	1
26	38	1
58	38	1
91	38	3
133	38	1
144	38	1
148	38	2
53	39	7
70	39	4
39	40	2
70	40	1
82	40	1
39	41	2
76	41	1
183	41	1
205	41	3
5	42	5
12	42	7
17	42	1
33	42	1
34	42	16
37	42	1
40	42	4
49	42	1
70	42	3
75	42	5
86	42	1
16	43	10
23	43	8
25	43	9
28	43	10
33	43	4
39	43	4
40	43	10
42	43	7
44	43	8
45	43	9
46	43	11
48	43	14
49	43	12
50	43	11
55	43	6
59	43	10
72	43	3
73	43	3
74	43	3
76	43	2
84	43	9
86	43	3
88	43	9
92	43	5
95	43	1
96	43	29
103	43	4
111	43	4
129	43	4
141	43	24
150	43	1
151	43	15
152	43	15
153	43	15
154	43	15
156	43	15
157	43	15
160	43	29
161	43	29
162	43	29
165	43	29
168	43	22
176	43	14
178	43	31
179	43	10
181	43	10
182	43	8
186	43	6
188	43	25
190	43	25
191	43	22
194	43	5
196	43	8
198	43	2
203	43	7
208	43	5
213	43	5
218	43	29
220	43	8
232	43	29
236	43	23
237	43	10
244	43	8
252	43	22
253	43	18
261	43	18
264	43	18
266	43	18
267	43	25
268	43	25
269	43	15
271	43	15
272	43	25
273	43	15
274	43	29
276	43	29
278	43	10
279	43	18
280	43	18
282	43	8
286	43	1
287	43	1
288	43	1
289	43	1
290	43	1
291	43	1
292	43	1
30	44	3
41	44	1
56	44	7
57	44	5
5	45	9
30	45	3
40	45	2
44	45	8
49	45	4
86	45	4
12	46	11
33	46	2
61	46	3
62	46	2
86	46	3
89	46	2
131	46	1
23	47	1
30	47	1
40	47	3
66	47	2
68	47	1
86	47	3
91	47	1
92	47	3
208	47	1
25	48	1
31	48	1
35	48	1
53	48	4
56	48	2
58	48	1
69	48	5
5	49	1
57	49	1
17	50	2
29	50	3
49	50	2
53	50	4
69	50	2
29	51	1
68	51	7
104	51	1
21	54	2
61	54	6
70	54	6
53	55	3
70	55	2
224	55	1
30	57	8
58	57	1
66	57	1
89	57	2
239	57	1
6	58	5
18	58	5
31	58	8
52	58	1
56	58	1
62	58	2
66	58	1
69	58	2
194	58	1
56	59	1
88	59	4
95	59	1
56	60	3
57	60	1
66	62	2
25	63	2
29	63	3
37	63	2
58	63	1
61	63	2
65	63	1
69	63	1
111	63	3
208	63	1
82	64	4
92	64	1
102	64	5
200	64	1
30	65	3
58	65	6
65	66	2
94	66	1
205	66	3
58	67	3
65	67	1
57	68	3
65	68	2
18	69	2
58	70	1
62	70	1
0	71	2
33	71	3
94	71	1
111	71	4
132	71	4
136	71	1
221	71	3
5	72	7
6	72	1
17	72	3
75	72	1
81	72	4
89	72	1
113	72	3
129	72	2
217	72	1
12	73	10
17	73	4
19	73	4
30	73	1
33	73	1
76	73	4
129	73	3
131	73	5
210	73	6
217	73	2
5	74	11
13	74	2
17	74	4
19	74	1
20	74	1
52	74	4
72	74	3
105	74	2
217	74	1
70	75	2
5	76	20
12	76	6
20	76	2
30	76	3
90	76	3
131	76	1
235	76	1
52	77	1
54	77	3
124	77	2
45	78	1
67	78	2
171	78	1
18	79	3
31	80	3
62	80	1
57	81	1
0	83	3
11	83	2
15	83	1
41	83	4
51	83	1
82	83	1
97	83	4
105	83	3
115	83	6
116	83	1
118	83	1
119	83	1
122	83	1
124	83	4
129	83	2
131	83	2
136	83	1
198	83	1
200	83	4
225	83	4
240	83	5
20	84	1
57	84	1
107	84	5
194	84	1
217	84	1
1	85	2
51	85	1
68	85	1
83	85	4
86	85	1
92	85	2
100	85	5
109	85	2
110	85	7
113	85	3
117	85	1
118	85	5
120	85	2
124	85	16
129	85	5
131	85	3
148	85	2
198	85	8
203	85	3
204	85	16
206	85	3
214	85	1
223	85	2
57	86	1
149	86	2
5	87	1
12	87	1
239	87	1
68	88	1
70	88	1
101	88	4
104	88	1
136	88	3
235	88	1
70	89	2
118	89	2
89	90	1
15	91	1
35	92	2
70	92	4
71	92	1
130	92	1
5	93	1
62	93	1
70	93	1
57	94	1
205	94	4
205	95	1
95	96	1
164	96	1
166	96	1
176	96	2
186	96	2
249	96	1
250	96	1
252	96	4
253	96	15
277	96	9
15	97	2
41	97	2
122	97	2
149	97	1
203	97	7
214	97	2
133	98	1
115	99	3
92	100	1
99	100	1
112	100	1
7	101	2
58	101	6
99	101	13
102	101	6
141	101	1
190	101	2
7	102	2
109	102	2
115	102	1
197	102	3
99	103	2
101	103	7
122	103	1
136	103	3
148	103	1
222	103	6
58	104	1
138	104	3
197	104	3
20	105	1
66	105	1
108	105	1
121	105	1
98	106	1
104	106	2
114	106	12
123	106	9
134	106	6
7	107	1
8	107	2
104	107	8
106	107	6
86	108	3
104	108	3
142	108	1
204	108	2
138	109	2
197	109	1
104	110	2
194	110	2
104	111	2
107	111	3
109	111	1
136	111	2
197	111	2
221	111	5
101	112	4
115	112	7
126	112	2
134	112	4
137	112	2
144	112	6
15	113	1
27	113	2
71	113	1
92	113	1
101	113	7
107	113	1
108	113	3
114	113	7
121	113	12
123	113	3
128	113	2
134	113	3
141	113	1
192	113	3
194	113	5
209	113	1
223	113	1
238	113	1
112	114	6
135	114	1
15	115	2
141	115	2
190	115	1
2	116	1
11	116	72
15	116	1
86	116	1
108	116	5
118	116	3
120	116	5
128	116	6
141	116	3
148	116	1
190	116	3
197	116	1
200	116	1
255	116	1
3	117	1
13	117	1
15	117	4
83	117	3
97	117	4
108	117	1
115	117	4
116	117	4
122	117	1
128	117	14
148	117	1
169	117	2
202	117	2
203	117	6
206	117	6
215	117	1
256	117	1
41	118	2
86	118	1
97	118	1
148	118	1
169	118	1
190	118	2
200	118	1
206	118	3
141	119	1
190	119	2
207	119	1
27	121	10
107	121	2
114	121	4
120	121	11
137	121	4
147	121	7
149	121	4
118	122	2
120	122	3
198	122	5
214	122	1
227	122	1
9	123	5
112	123	1
114	123	2
121	123	3
134	123	2
135	123	2
142	123	2
1	124	37
94	124	2
116	124	4
118	124	4
120	124	2
204	124	1
215	124	4
216	124	2
223	124	2
224	124	2
225	124	1
256	124	6
257	124	2
114	125	3
207	125	5
125	126	6
139	126	1
114	127	2
0	128	2
62	128	3
66	128	3
171	128	1
238	128	1
0	129	16
19	129	2
71	129	5
89	129	5
110	129	1
136	129	1
141	129	1
197	129	1
204	129	4
214	129	1
0	130	2
217	130	1
224	130	2
89	131	3
100	131	3
113	131	14
115	131	1
130	131	3
132	131	1
190	131	2
214	131	2
136	132	1
101	134	1
133	134	2
138	134	1
142	134	2
207	134	4
101	135	2
107	136	2
124	136	9
128	136	1
170	136	61
171	136	4
212	136	1
216	136	3
217	136	1
227	136	2
240	136	3
246	136	3
247	136	3
257	136	5
258	136	7
260	136	5
9	137	14
134	137	4
135	137	2
142	137	1
121	138	1
146	138	1
112	139	10
148	139	2
92	140	1
112	140	14
115	140	1
135	140	2
190	140	1
83	141	1
94	141	9
108	141	1
145	141	1
149	141	2
260	141	2
281	141	1
110	144	1
122	144	2
148	144	1
201	144	2
225	144	1
149	145	2
190	145	1
145	146	4
147	146	4
118	147	1
141	147	2
145	147	13
212	147	1
225	147	1
244	147	3
112	148	7
140	148	4
146	149	3
11	150	1
85	150	1
116	150	1
117	150	1
186	150	1
1	151	4
11	151	4
83	151	2
85	151	2
116	151	2
117	151	2
252	151	1
116	152	2
2	153	2
11	153	3
124	153	2
171	153	2
229	153	1
1	154	2
2	154	1
11	154	2
83	154	2
1	155	2
11	155	2
83	155	2
85	155	2
167	155	1
1	156	4
11	156	4
83	156	1
85	156	1
117	156	1
141	156	1
190	156	1
1	157	2
11	157	2
83	157	2
85	157	2
191	157	1
1	158	4
2	158	12
3	158	12
11	158	4
117	158	3
150	158	1
218	158	2
1	159	4
2	159	6
11	159	4
116	159	2
124	159	1
171	159	1
186	159	1
1	160	9
2	160	4
3	160	4
117	160	6
152	160	1
154	160	1
156	161	1
160	161	1
11	162	9
85	162	1
116	162	3
117	162	3
141	162	2
157	162	1
161	162	1
1	163	2
11	163	2
162	163	1
11	164	7
151	164	1
163	164	1
1	165	14
96	165	3
116	165	1
164	165	1
194	165	2
225	165	2
227	165	1
1	166	5
11	166	5
116	166	1
165	166	1
176	166	5
249	166	1
258	166	6
1	167	2
2	167	2
3	167	2
11	167	3
136	167	3
171	167	5
11	168	2
124	168	3
136	168	1
141	168	1
171	168	3
116	169	7
171	169	1
193	169	1
11	170	2
124	170	3
201	170	1
217	170	4
3	171	2
11	171	36
41	171	2
97	171	4
117	171	2
176	171	3
183	171	3
205	171	6
206	171	2
225	171	1
239	171	2
246	171	28
256	171	3
258	171	8
260	171	1
2	172	8
3	172	8
11	172	1
41	172	1
116	172	3
117	172	3
132	172	1
141	172	1
186	172	5
190	172	1
3	173	17
118	173	1
186	173	7
1	174	10
11	174	10
83	174	1
85	174	1
117	175	1
225	175	2
1	176	2
11	176	2
175	176	2
253	176	1
256	176	1
258	176	1
1	177	3
2	177	2
11	177	3
172	177	1
195	177	1
1	178	4
2	178	5
11	178	4
117	178	3
132	178	1
177	178	1
1	179	4
11	179	4
83	179	1
11	180	6
116	180	1
117	180	1
1	181	4
11	181	4
117	181	2
141	181	1
190	181	1
283	182	1
117	183	6
124	183	1
1	184	2
198	184	1
212	184	4
260	184	5
1	185	2
2	185	17
141	185	3
83	186	1
89	186	2
144	186	1
147	186	1
171	186	1
201	186	1
202	186	4
203	186	4
244	186	1
283	186	1
83	187	1
85	187	1
181	187	1
2	188	1
3	188	1
85	188	1
154	188	18
155	188	2
160	188	23
167	188	1
178	188	2
206	188	2
231	188	9
232	188	1
244	188	1
24	189	1
36	189	1
78	189	1
83	189	6
85	189	6
87	189	1
110	189	3
170	189	4
173	189	1
185	189	1
202	189	3
206	189	2
212	189	5
217	189	5
225	189	2
241	189	1
247	189	1
294	189	1
295	189	1
85	190	1
97	190	1
102	190	1
106	190	1
112	190	3
144	190	3
116	191	1
124	191	7
171	191	7
144	192	1
147	192	1
202	192	2
282	192	2
116	193	1
117	193	24
183	193	1
2	194	1
3	194	1
147	194	1
192	194	6
225	194	1
243	194	1
282	194	2
132	195	4
2	196	1
132	196	1
154	196	4
158	196	1
159	196	23
178	196	3
218	196	1
244	196	1
94	197	1
97	197	2
148	197	1
204	197	1
227	197	1
147	198	1
148	198	1
149	198	2
197	198	5
203	198	1
206	198	1
243	198	1
282	198	1
122	199	1
132	199	2
144	199	1
159	199	1
197	199	1
244	199	1
281	199	1
102	200	1
136	200	4
171	200	3
97	201	5
122	201	11
148	201	4
149	201	3
204	201	1
227	201	3
282	201	1
122	202	6
200	202	2
214	202	3
118	203	4
193	203	4
249	203	1
118	204	2
121	204	2
138	204	2
141	204	4
147	204	1
203	204	1
97	205	2
94	206	7
97	206	8
169	206	1
224	206	1
9	207	4
19	208	1
74	208	3
105	208	1
129	209	2
131	209	1
192	209	4
194	209	4
210	209	2
129	210	12
131	210	5
136	210	1
234	210	3
129	211	4
7	212	1
8	212	4
47	212	1
209	212	1
213	212	1
7	213	1
46	213	6
71	213	1
194	213	2
238	213	1
62	214	1
112	214	1
148	214	1
92	215	2
148	215	1
214	215	2
170	216	11
212	216	12
217	216	1
41	217	1
89	217	3
184	217	22
192	217	1
194	217	7
209	217	3
132	218	1
144	218	1
147	218	1
177	218	8
178	218	18
186	218	1
199	218	2
203	218	2
206	218	2
229	218	4
231	218	1
236	218	19
244	218	2
281	218	1
171	219	2
186	219	1
203	219	3
176	220	3
186	220	3
283	220	1
66	223	4
100	223	1
128	223	2
203	224	4
205	224	3
193	225	1
198	225	2
201	225	3
206	225	3
152	226	16
198	226	1
201	226	1
225	228	4
227	228	11
155	230	16
156	230	2
160	230	6
161	230	23
167	230	9
179	230	1
206	230	4
229	230	7
231	230	22
232	230	1
237	230	2
244	230	2
124	231	4
136	231	1
110	232	1
160	232	3
178	232	11
179	232	8
202	232	1
244	232	4
261	232	15
283	232	1
161	233	6
168	233	1
180	233	2
191	233	9
244	233	4
8	235	1
86	235	1
188	236	6
190	237	2
203	237	2
244	237	1
281	237	1
141	243	5
283	243	1
206	244	1
170	245	1
184	245	1
278	245	1
246	247	2
151	248	16
164	248	23
175	248	3
252	248	22
276	248	1
283	248	1
194	249	1
219	251	3
255	251	3
124	252	4
124	253	1
171	253	1
227	254	5
228	254	1
124	255	2
169	255	1
219	255	2
227	256	4
254	256	2
258	257	1
124	261	1
171	261	1
124	262	4
171	262	4
124	263	1
171	263	1
124	264	5
124	265	3
171	265	3
171	266	2
163	267	1
245	267	2
252	267	9
273	267	16
276	267	1
277	267	7
283	267	1
157	268	16
161	268	1
162	268	23
167	268	7
191	268	22
244	268	3
168	269	1
162	270	1
168	270	22
187	270	2
244	270	5
269	270	16
271	270	2
283	270	1
168	272	7
245	272	3
252	272	1
271	272	16
273	272	2
277	272	22
283	272	1
277	273	1
161	274	3
167	274	9
180	274	8
191	274	4
262	274	15
263	274	15
264	274	6
283	274	1
163	275	3
187	275	8
191	275	9
244	275	10
264	275	15
265	275	15
283	275	1
168	276	9
174	276	8
245	276	8
277	276	4
280	276	15
187	278	1
244	282	1
126	0	2
141	0	1
15	1	4
100	1	1
13	2	2
30	2	14
107	2	4
81	3	2
223	3	2
69	4	1
136	5	2
90	6	1
122	7	1
194	7	2
1	11	6
94	11	5
137	11	1
223	11	10
62	12	1
4	13	4
75	13	1
14	15	1
14	17	6
15	18	1
67	20	1
14	21	1
16	21	7
239	22	1
57	23	4
31	32	1
37	32	4
49	34	4
61	40	1
39	42	6
22	43	8
47	43	4
60	43	6
199	43	8
201	43	2
209	43	4
230	43	25
233	43	25
243	43	10
265	43	18
275	43	29
281	43	4
22	45	17
52	45	2
5	46	8
68	46	1
129	46	2
5	47	14
46	47	3
49	47	1
131	47	3
60	48	1
61	48	2
68	49	3
16	52	2
56	57	1
61	64	2
12	72	10
15	72	2
20	72	2
211	72	6
81	73	1
17	75	1
100	83	4
202	83	5
223	83	4
119	84	1
197	84	2
108	85	3
202	85	6
175	96	8
255	97	1
136	98	1
207	100	1
119	101	7
8	102	1
86	102	1
134	104	1
102	107	5
109	107	4
225	110	1
100	113	2
0	114	2
225	116	1
197	118	4
15	119	2
176	124	2
247	124	28
208	130	2
71	131	5
212	131	2
201	132	1
41	136	3
118	141	2
217	144	1
228	144	2
283	144	1
229	150	1
11	152	9
3	154	1
231	154	1
116	158	3
117	159	2
3	161	1
141	163	1
117	165	1
124	171	4
203	171	2
204	171	1
1	172	1
117	173	6
219	176	1
116	178	3
85	179	1
179	180	1
1	182	2
11	182	2
258	183	1
170	184	2
77	189	1
223	189	3
242	189	1
110	192	2
116	192	1
2	195	6
158	199	1
110	200	1
203	206	9
235	211	3
129	212	2
190	214	3
96	220	1
206	220	1
215	224	5
96	226	1
203	230	4
41	231	1
206	232	1
236	232	1
231	233	7
7	234	1
236	237	1
141	244	3
206	251	2
244	251	1
228	256	5
171	264	5
191	270	7
244	274	4
278	275	8
