1	2	1
3	5	2
5	6	2
8	15	1
16	17	1
19	20	1
20	21	1
21	22	1
32	36	2
35	36	2
26	38	4
27	43	4
41	48	2
52	53	1
57	58	2
57	59	2
56	60	1
63	64	2
6	67	2
58	69	1
68	70	1
50	71	1
40	76	2
40	78	2
77	78	1
79	80	1
80	82	1
81	83	1
82	83	1
81	84	1
37	87	2
85	88	2
86	89	1
93	94	1
6	98	2
74	99	2
84	100	1
23	101	2
24	102	2
25	104	2
46	106	2
67	107	2
12	111	1
39	116	2
115	116	2
39	117	2
100	118	1
114	119	2
85	120	2
55	122	1
59	123	2
61	124	1
69	124	1
61	127	3
123	127	2
110	128	2
123	130	2
61	131	2
123	131	2
125	132	2
127	133	2
134	135	1
136	140	1
96	143	2
3	144	2
32	144	4
35	144	2
52	144	1
53	144	1
61	144	2
62	144	4
69	144	2
107	144	2
109	144	2
121	144	2
124	144	1
127	144	2
135	144	2
72	145	2
132	145	2
134	145	3
144	145	9
3	146	2
13	146	2
32	146	4
52	146	1
53	146	1
57	146	2
58	146	1
61	146	2
109	146	2
121	146	2
124	146	1
125	146	2
127	146	2
132	146	2
134	146	1
142	146	2
144	146	114
4	147	2
146	148	4
52	149	2
54	149	1
93	151	2
146	151	3
148	151	2
29	152	2
32	152	2
37	152	2
38	152	2
55	152	1
56	152	1
57	152	2
58	152	2
60	152	1
84	152	1
86	152	1
87	152	2
89	152	3
95	152	1
110	152	1
52	153	2
54	153	1
146	153	5
149	153	3
150	153	1
42	154	2
48	154	2
95	154	1
103	154	2
145	154	4
5	156	4
144	157	4
146	157	2
5	158	4
144	158	4
145	158	2
156	158	4
157	158	4
158	160	2
146	161	1
146	163	1
158	163	2
159	163	2
85	164	2
88	164	2
5	166	2
134	166	1
145	166	1
146	166	3
139	167	2
152	167	2
5	168	4
156	168	2
166	168	2
156	169	2
88	170	2
95	171	1
78	172	1
117	172	2
152	172	1
171	172	1
77	173	1
117	173	2
152	173	1
171	173	1
172	173	23
146	174	4
172	174	2
11	175	2
16	175	2
17	175	3
145	175	2
146	175	4
8	181	2
15	181	2
175	181	6
178	181	2
134	182	2
144	182	2
145	182	1
146	182	3
136	183	1
144	183	4
154	183	3
144	184	2
146	184	2
1	185	1
2	185	1
12	185	1
27	185	2
28	185	2
30	185	2
31	185	4
33	185	2
39	185	4
40	185	2
42	185	3
44	185	2
45	185	2
47	185	2
49	185	2
51	185	2
56	185	1
63	185	2
65	185	1
66	185	1
68	185	2
69	185	1
70	185	3
78	185	2
79	185	1
84	185	1
87	185	7
91	185	1
93	185	1
111	185	3
114	185	2
115	185	2
116	185	4
117	185	2
124	185	1
126	185	2
127	185	2
129	185	2
131	185	2
135	185	1
140	185	1
143	185	2
144	185	5
146	185	8
154	185	9
160	185	4
172	185	2
175	185	2
182	185	2
183	185	2
184	186	1
182	187	2
185	187	4
152	189	1
88	192	2
185	193	1
185	194	2
146	195	2
194	195	2
57	197	2
59	197	2
144	197	4
185	197	2
195	197	2
145	199	2
197	199	2
87	200	1
144	201	1
13	204	1
30	204	2
61	204	2
62	204	4
69	204	1
88	204	25
89	204	2
108	204	2
113	204	3
115	204	2
124	204	1
127	204	2
134	204	1
135	204	1
136	204	1
142	204	2
144	204	16
145	204	3
146	204	19
152	204	2
170	204	2
182	204	1
183	204	2
185	204	15
201	204	1
203	204	2
146	205	2
204	205	2
0	206	2
88	206	2
204	206	4
205	206	2
69	207	1
88	207	1
124	207	1
134	207	1
135	207	1
146	207	8
152	207	1
153	207	1
185	207	5
196	207	2
197	207	2
133	209	2
185	209	3
200	209	1
144	210	2
146	210	2
185	210	2
88	211	2
192	211	2
204	211	2
185	212	2
203	212	2
88	213	2
127	215	2
146	215	1
209	215	2
55	216	1
88	216	2
152	216	1
185	216	2
194	216	3
206	216	2
0	217	4
185	218	1
193	218	1
60	219	1
95	219	1
98	219	2
200	219	1
204	222	2
88	223	2
192	223	2
204	223	2
185	225	1
0	226	2
5	226	2
26	226	2
27	226	2
28	226	2
38	226	2
47	226	2
49	226	2
64	226	2
67	226	2
85	226	2
86	226	1
98	226	2
101	226	2
104	226	2
107	226	2
108	226	2
116	226	2
120	226	4
152	226	5
185	226	15
190	226	2
198	226	2
206	226	2
210	226	2
214	226	2
23	227	2
24	227	2
25	227	2
26	227	2
27	227	2
28	227	2
29	227	2
38	227	2
40	227	2
46	227	2
63	227	4
85	227	2
98	227	2
101	227	2
103	227	2
105	227	2
106	227	2
108	227	2
115	227	2
152	227	5
185	227	15
198	227	2
204	227	5
207	227	1
210	227	2
217	227	2
0	228	2
27	228	2
43	228	2
83	228	1
84	228	1
95	228	1
97	228	2
121	228	2
128	228	2
139	228	2
140	228	2
142	228	2
163	228	2
167	228	2
176	228	1
177	228	1
180	228	1
185	228	8
204	228	2
0	229	2
35	229	2
79	229	1
88	229	3
95	229	1
97	229	2
121	229	2
127	229	2
128	229	2
129	229	2
138	229	4
139	229	2
140	229	2
167	229	2
171	229	1
176	229	1
177	229	1
179	229	1
180	229	1
185	229	8
187	229	2
198	229	4
204	229	2
205	229	2
228	229	48
88	230	4
110	230	1
126	230	2
146	230	5
152	230	3
158	230	2
182	230	2
187	230	3
189	230	1
196	230	1
200	230	1
207	230	3
219	230	2
220	230	2
227	230	2
228	230	4
229	230	4
137	231	4
217	231	4
79	232	1
80	232	1
82	232	1
83	232	1
84	232	1
152	232	2
184	232	1
185	232	6
203	232	2
228	232	3
232	233	1
144	234	3
146	234	3
144	236	2
6	237	2
146	237	4
185	237	3
226	238	2
227	238	2
6	242	2
162	242	2
185	242	2
238	242	2
146	243	3
237	243	2
239	243	1
5	244	2
144	244	5
146	244	5
162	244	2
204	244	1
230	244	2
237	244	4
242	244	4
145	245	1
146	245	1
185	245	3
207	245	1
227	245	1
245	246	1
127	247	1
135	247	2
144	247	2
146	247	2
11	248	1
175	248	1
237	248	1
239	248	1
56	249	2
185	250	1
251	252	1
251	254	1
144	258	1
160	258	2
185	258	2
257	258	1
193	259	1
218	259	1
49	260	2
185	260	2
197	260	2
112	261	2
185	261	2
204	262	2
154	263	1
109	265	1
201	266	1
85	267	2
88	267	2
88	268	2
185	268	2
77	269	1
154	269	1
152	270	2
154	270	2
79	271	1
83	271	1
209	271	2
79	272	1
81	272	1
82	272	1
83	272	1
185	272	1
215	272	1
271	272	3
122	273	2
224	273	1
126	274	2
127	274	2
152	275	2
88	276	1
152	276	1
154	276	1
100	277	1
118	277	1
185	278	4
154	279	2
172	279	2
173	279	2
152	281	4
204	281	2
222	281	2
226	281	2
232	281	2
150	284	1
172	284	2
228	284	2
229	284	2
152	285	1
172	285	3
173	285	3
185	285	2
23	286	2
45	287	2
173	287	2
172	288	2
173	288	2
185	288	2
279	288	2
172	289	2
185	290	2
172	291	2
173	291	2
185	291	2
185	292	3
220	292	2
227	292	4
229	292	1
185	293	1
185	294	6
227	294	2
228	294	1
230	294	1
258	294	2
292	294	3
114	295	2
44	296	2
154	296	4
185	296	2
44	297	2
74	297	1
76	297	2
101	297	2
104	297	2
105	297	2
106	297	2
145	297	2
175	297	2
183	297	2
214	297	2
219	297	1
270	297	2
279	297	2
294	297	4
296	297	4
10	298	2
134	298	2
185	298	1
146	299	2
230	299	2
92	300	2
145	301	2
183	301	2
185	301	2
197	301	2
144	302	2
204	303	1
230	303	1
249	303	1
232	304	1
144	305	4
146	305	4
184	305	6
185	305	4
185	306	1
102	308	2
172	308	2
173	308	2
285	308	2
182	309	1
185	309	1
144	310	2
152	310	2
199	310	2
204	310	1
216	310	2
230	310	1
260	310	2
51	311	2
68	311	2
70	311	3
185	312	1
255	312	1
185	314	1
118	315	2
204	315	1
207	315	1
230	315	1
303	315	2
154	316	1
278	316	2
297	316	1
144	317	1
146	317	1
185	318	1
230	318	1
144	319	4
146	319	4
144	320	2
146	320	2
319	320	2
144	321	2
146	321	2
144	322	5
146	322	5
148	322	1
185	322	1
146	323	1
322	323	1
144	325	4
146	325	4
144	327	2
325	327	2
146	328	4
144	331	3
328	331	2
144	332	2
146	332	2
328	332	2
144	333	3
185	333	3
126	334	2
146	334	2
144	335	2
146	335	2
103	336	2
154	336	2
173	336	2
286	336	2
297	336	2
185	337	1
230	337	1
185	338	1
230	338	1
73	339	2
144	341	1
146	341	1
185	341	1
338	341	1
77	342	1
154	342	5
269	342	1
275	342	1
276	342	1
127	343	2
230	343	2
183	346	1
72	347	2
145	347	2
72	348	1
144	348	2
146	348	2
17	351	1
18	351	2
19	351	2
20	351	2
21	351	2
148	351	1
7	352	2
14	352	2
17	353	1
18	353	2
19	353	2
21	353	2
22	353	1
351	353	5
153	354	1
256	354	1
351	354	1
50	358	2
185	358	2
165	361	1
188	361	1
360	361	2
186	362	1
62	363	2
144	363	2
59	364	2
114	364	2
123	364	2
172	364	1
173	364	1
194	364	2
195	364	2
214	364	2
230	364	1
295	364	2
301	364	2
144	367	1
146	367	1
154	367	1
185	368	1
237	368	1
144	369	1
146	369	1
367	369	1
13	370	1
185	370	3
70	372	1
144	372	2
146	372	2
5	373	4
172	373	2
229	373	2
284	374	2
307	374	1
372	374	1
126	375	2
135	375	2
192	375	2
219	375	2
220	375	2
232	375	1
247	375	2
362	375	1
237	377	1
242	377	1
237	378	1
242	378	1
377	378	1
347	379	2
185	380	1
186	380	1
226	380	2
154	381	2
185	381	1
192	381	2
226	381	2
227	381	2
232	381	1
297	381	2
375	381	2
10	382	2
185	382	1
339	382	2
10	383	2
185	383	1
382	383	3
119	384	2
9	385	2
9	386	2
230	386	2
299	386	2
154	387	1
173	387	1
226	388	1
278	388	2
32	389	2
144	389	2
146	389	2
350	389	2
365	389	2
152	390	2
192	390	2
211	390	2
74	391	1
88	391	2
152	391	2
185	391	5
192	391	2
297	391	3
161	392	1
106	393	2
173	393	2
297	393	2
152	394	7
275	394	2
276	394	1
390	394	2
391	394	2
42	395	1
172	395	1
173	395	1
185	395	1
387	395	1
230	396	2
262	396	2
34	398	2
144	398	2
146	398	2
305	398	2
105	400	2
154	400	2
101	401	2
172	401	2
3	403	2
161	403	1
392	403	1
144	404	1
49	405	2
226	405	2
227	405	2
152	406	1
243	406	1
1	407	1
5	407	4
9	407	5
10	407	4
13	407	2
61	407	2
62	407	4
69	407	2
73	407	6
91	407	1
94	407	1
96	407	2
109	407	1
121	407	2
124	407	1
125	407	2
132	407	2
135	407	2
142	407	2
143	407	4
146	407	36
152	407	4
153	407	3
156	407	2
175	407	5
184	407	2
187	407	2
197	407	6
206	407	2
216	407	2
226	407	2
229	407	4
244	407	3
247	407	2
265	407	2
272	407	1
282	407	1
297	407	2
298	407	4
299	407	4
301	407	2
305	407	4
309	407	1
310	407	6
315	407	1
370	407	1
375	407	3
382	407	4
383	407	2
385	407	2
398	407	2
144	408	2
154	408	1
185	408	1
226	408	2
227	408	2
316	408	1
407	408	2
237	409	1
333	409	1
368	409	1
92	411	2
148	411	1
185	411	5
237	411	2
300	411	2
333	411	2
145	412	2
154	412	2
185	412	2
227	412	2
146	413	2
154	413	4
173	413	2
219	413	1
263	413	1
289	413	2
264	414	1
144	415	2
146	415	2
210	415	2
407	415	2
90	416	2
109	416	1
144	416	2
185	416	4
265	416	1
185	417	1
407	417	1
185	418	1
227	420	2
144	421	2
152	421	2
305	421	2
398	421	2
407	421	2
144	424	2
232	424	1
423	424	2
54	425	1
100	425	1
123	425	2
154	425	4
174	425	2
175	425	2
196	425	2
199	425	2
203	425	2
204	425	4
207	425	4
215	425	1
221	425	2
232	425	2
242	425	4
244	425	4
245	425	1
249	425	1
280	425	1
298	425	2
302	425	2
303	425	1
346	425	1
348	425	1
350	425	2
357	425	1
365	425	2
382	425	2
406	425	2
413	425	2
419	425	2
118	426	2
146	426	4
165	426	1
188	426	1
192	426	9
201	426	1
204	426	1
211	426	2
223	426	2
230	426	5
270	426	2
305	426	2
315	426	4
375	426	2
381	426	4
390	426	2
391	426	2
408	426	2
416	426	2
5	427	2
107	427	2
407	427	2
148	428	1
185	428	2
322	428	1
333	428	1
144	429	2
174	429	2
144	430	2
146	430	2
298	430	1
383	430	1
385	430	1
386	430	1
144	431	2
146	431	2
228	431	2
55	432	1
122	432	2
273	432	2
154	433	1
171	433	1
263	433	1
413	433	1
154	434	1
172	434	1
183	434	1
185	434	4
228	434	2
364	434	1
381	434	2
88	435	2
113	435	2
185	435	4
204	435	2
226	435	2
227	435	2
228	435	2
434	435	4
34	436	2
154	436	2
175	436	1
183	436	1
276	436	1
342	436	1
407	436	1
302	437	2
313	437	1
314	437	1
294	438	1
411	438	2
426	438	1
300	439	2
438	439	2
127	440	2
146	440	2
407	440	2
201	441	1
426	441	1
438	441	1
185	442	3
237	442	1
300	442	2
333	442	1
411	442	5
439	442	4
144	443	2
146	443	2
235	443	1
407	443	2
73	444	2
407	444	2
443	444	2
68	445	1
185	445	1
311	445	1
50	446	1
358	446	1
136	447	1
9	448	1
73	448	2
129	448	2
228	448	2
229	448	2
230	448	1
194	449	3
216	449	3
9	450	1
230	450	1
243	450	1
317	450	1
112	451	2
208	451	2
184	452	4
17	18	1
18	19	1
41	42	2
65	66	1
29	89	2
96	97	2
13	144	2
35	146	2
67	146	4
135	146	2
144	151	3
102	154	2
146	158	2
158	169	2
8	175	2
71	185	1
81	185	1
90	185	2
136	185	2
148	185	1
165	185	2
181	185	2
185	189	1
121	197	2
183	197	2
195	199	2
153	204	1
204	212	2
185	215	1
192	219	3
5	221	1
29	226	2
64	227	2
99	227	1
116	227	2
79	228	1
82	228	1
88	228	3
129	228	2
44	229	2
108	229	2
141	229	2
206	229	2
153	230	2
186	232	5
5	240	2
5	242	4
227	242	2
185	253	1
164	267	2
155	271	1
230	274	2
88	281	2
153	284	1
190	285	2
173	286	2
172	287	2
24	288	2
173	290	2
201	294	1
226	294	2
102	297	2
92	302	2
185	304	1
297	308	2
185	313	2
151	317	1
146	327	2
144	334	2
331	334	2
333	334	1
185	340	1
73	341	2
185	345	3
204	346	1
107	359	2
146	363	2
350	365	2
227	373	3
228	373	2
376	378	1
186	381	1
214	381	2
232	384	4
385	386	3
172	387	1
342	387	1
88	388	2
227	388	1
229	388	1
269	390	2
185	392	1
172	393	2
304	399	1
172	400	2
146	403	2
2	407	1
65	407	1
127	407	2
185	407	20
219	407	2
220	407	2
389	407	2
145	413	2
220	415	2
156	416	2
76	421	2
226	421	2
146	424	2
52	425	2
134	425	10
153	425	4
294	425	2
335	425	1
37	426	2
382	430	1
173	433	1
229	435	2
230	441	2
73	443	2
128	444	2
