20	21	1
28	29	2
26	38	4
35	44	2
52	53	1
61	62	2
28	75	2
40	78	2
81	83	1
81	84	1
12	88	2
88	89	2
6	98	2
86	99	1
47	105	2
46	106	2
67	107	2
88	113	2
61	124	1
123	127	2
126	127	4
130	134	2
134	135	1
136	140	1
138	141	2
3	144	2
32	144	4
36	144	4
121	144	2
142	144	2
91	145	1
134	145	3
6	146	2
36	146	4
52	146	1
53	146	1
57	146	2
72	146	2
121	146	2
125	146	2
132	146	2
144	146	114
52	149	2
54	149	1
93	149	2
148	151	2
29	152	2
86	152	1
144	152	4
146	152	4
48	154	2
103	154	2
106	154	2
146	154	5
120	156	2
5	157	4
145	157	2
139	159	2
144	161	1
88	164	2
134	166	1
156	168	2
158	168	2
167	169	2
117	172	2
144	175	6
177	178	2
8	181	2
175	181	6
136	183	1
1	185	1
2	185	1
12	185	1
28	185	2
30	185	2
31	185	4
33	185	2
42	185	3
47	185	2
63	185	2
80	185	1
82	185	1
84	185	1
87	185	7
88	185	4
93	185	1
94	185	1
97	185	2
99	185	2
111	185	3
116	185	4
117	185	2
124	185	1
128	185	2
131	185	2
139	185	2
140	185	1
152	185	7
159	185	2
175	185	2
131	187	2
182	187	2
152	189	1
12	192	2
185	193	1
185	194	2
145	196	2
146	196	2
57	197	2
175	197	2
187	197	2
195	197	2
87	201	1
200	201	1
30	204	2
89	204	2
136	204	1
145	204	3
185	204	15
201	204	1
144	205	2
0	206	2
204	206	4
124	207	1
135	207	1
185	207	5
197	207	2
133	209	2
88	211	2
192	211	2
89	213	2
154	214	2
127	215	2
88	216	2
204	216	2
5	219	1
127	219	3
219	221	1
204	223	2
122	224	1
5	226	2
26	226	2
28	226	2
38	226	2
40	226	2
43	226	2
46	226	2
48	226	4
86	226	1
98	226	2
107	226	2
108	226	2
115	226	2
116	226	2
120	226	4
154	226	2
156	226	2
187	226	1
6	227	2
24	227	2
26	227	2
28	227	2
49	227	2
67	227	2
88	227	4
101	227	2
107	227	2
190	227	2
204	227	5
206	227	2
210	227	2
226	227	73
26	228	2
44	228	2
67	228	2
108	228	2
127	228	2
138	228	4
142	228	2
152	228	3
159	228	2
177	228	1
179	228	1
185	228	8
210	228	2
26	229	2
38	229	2
79	229	1
84	229	1
95	229	1
121	229	2
128	229	2
129	229	2
140	229	2
142	229	2
152	229	3
159	229	2
176	229	1
205	229	2
110	230	1
127	230	2
145	230	1
146	230	5
158	230	2
185	230	35
189	230	1
202	230	1
219	230	2
137	231	4
119	232	2
184	233	1
234	235	1
234	236	2
6	237	2
237	239	1
2	242	2
185	242	2
146	243	3
5	244	2
162	244	2
204	244	1
237	244	4
182	245	1
226	245	1
56	249	2
134	249	1
250	254	1
146	257	1
160	258	2
185	258	2
185	259	1
193	259	1
218	259	1
88	268	2
77	269	1
152	270	2
81	271	1
82	271	1
82	272	1
83	272	1
155	272	1
122	273	2
126	274	2
154	276	1
100	277	1
104	279	2
154	279	2
72	280	1
227	281	2
185	282	1
185	283	1
228	284	2
173	285	3
185	285	2
23	286	2
185	286	2
47	289	2
172	289	2
172	291	2
226	292	4
146	294	2
154	294	4
227	294	2
44	296	2
44	297	2
74	297	1
76	297	2
101	297	2
104	297	2
145	297	2
175	297	2
183	297	2
185	297	7
219	297	1
10	299	2
145	299	2
209	299	2
230	299	2
271	299	2
92	300	2
183	301	2
230	303	1
249	303	1
232	304	1
152	305	2
185	307	1
102	308	2
172	308	2
285	308	2
185	309	1
144	310	2
152	310	2
185	310	2
204	310	1
207	310	1
260	310	2
68	311	2
255	312	1
255	313	1
313	314	1
118	315	2
144	317	1
185	317	1
230	318	1
144	319	4
146	321	2
319	321	2
144	322	5
148	322	1
144	323	1
185	323	1
322	323	1
144	324	2
322	324	2
146	326	2
144	327	2
144	328	4
185	329	2
126	331	2
142	331	2
146	331	3
144	332	2
185	333	3
237	333	3
154	336	2
286	336	2
297	336	2
73	339	2
146	341	1
338	341	1
77	342	1
275	342	1
297	342	2
127	343	2
183	346	1
345	346	1
146	348	2
204	348	2
18	351	2
19	351	2
21	351	2
22	351	2
7	352	2
17	353	1
20	353	2
351	353	5
148	354	1
153	354	1
243	354	1
14	355	1
227	356	2
188	361	1
360	361	2
186	362	1
225	362	1
62	363	2
59	364	2
114	364	2
123	364	2
145	364	2
172	364	1
230	364	1
185	368	1
144	369	1
146	369	1
185	370	3
185	372	2
173	373	2
185	374	2
307	374	1
126	375	2
144	375	3
219	375	2
237	378	1
377	378	1
344	379	2
347	379	2
185	380	1
232	380	1
227	381	2
232	381	1
380	381	3
10	382	2
185	382	1
339	382	2
119	384	2
173	387	1
185	388	2
228	388	1
278	388	2
381	388	2
32	389	2
146	389	2
350	389	2
152	390	2
211	390	2
26	391	2
74	391	1
152	391	2
204	391	2
223	391	4
297	391	3
106	393	2
173	393	2
270	394	2
42	395	1
172	395	1
387	395	1
262	396	2
34	398	2
305	398	2
173	400	2
101	401	2
154	401	2
291	401	2
297	401	2
389	402	2
3	403	2
185	403	1
163	404	1
49	405	2
134	406	2
152	406	1
57	407	2
91	407	1
94	407	1
121	407	2
125	407	2
135	407	2
142	407	2
187	407	2
204	407	14
207	407	5
227	407	2
247	407	2
297	407	2
298	407	4
299	407	4
305	407	4
310	407	6
339	407	2
345	407	2
359	407	2
369	407	1
375	407	3
380	407	1
383	407	2
88	408	2
144	408	2
197	408	2
227	408	2
297	408	1
333	409	1
370	410	1
300	411	2
145	412	2
95	413	1
172	413	2
219	413	1
263	413	1
143	416	2
185	416	4
265	416	1
185	417	1
145	418	1
185	419	2
152	420	2
48	421	2
144	421	2
152	421	2
407	421	2
144	423	2
144	424	2
423	424	2
5	425	2
72	425	1
123	425	2
145	425	11
162	425	2
195	425	2
204	425	4
207	425	4
221	425	2
232	425	2
242	425	4
297	425	2
365	425	2
389	425	2
405	425	2
413	425	2
419	425	2
118	426	2
170	426	2
202	426	1
315	426	4
390	426	2
408	426	2
416	426	2
359	427	2
407	427	2
148	428	1
411	428	2
144	429	2
146	429	2
174	429	2
146	430	2
385	430	1
97	431	2
55	432	1
224	432	1
172	433	1
175	434	1
185	434	4
226	434	2
364	434	1
88	435	2
185	435	4
227	435	2
154	436	2
276	436	1
314	437	1
201	438	4
294	438	1
426	438	1
92	439	2
300	439	2
144	440	2
146	440	2
204	440	2
201	441	1
426	441	1
185	442	3
333	442	1
411	442	5
439	442	4
73	444	2
185	445	1
185	446	1
358	446	1
136	447	1
9	448	1
73	448	2
185	448	1
341	448	2
407	448	3
216	449	3
144	450	1
146	450	1
230	450	1
243	450	1
185	451	2
184	452	4
29	89	2
144	151	3
102	154	2
146	158	2
144	174	2
90	185	2
136	185	2
185	196	1
195	199	2
30	211	2
192	219	3
5	221	1
41	227	2
116	227	2
154	227	2
79	228	1
81	229	1
108	229	2
206	229	2
111	230	1
186	232	5
229	232	3
5	240	2
207	244	1
146	258	1
144	284	2
190	285	2
191	292	2
102	297	2
92	302	2
329	330	2
144	334	2
333	334	1
185	344	2
5	349	4
350	365	2
333	368	1
226	373	3
284	373	7
214	381	2
172	387	1
269	390	2
31	391	2
172	400	2
146	403	2
2	407	1
127	407	2
283	407	1
76	421	2
52	425	2
134	425	10
229	435	2
185	438	5
73	443	2
140	447	1
