1	2	1
2	6	2
5	6	2
8	15	1
15	16	1
16	17	1
7	22	1
21	22	1
32	36	2
35	36	2
37	43	2
52	53	1
57	58	2
57	59	2
63	64	2
6	67	2
58	69	1
51	70	1
68	70	1
40	76	2
40	78	2
77	78	1
79	80	1
81	83	1
82	83	1
81	84	1
37	87	2
12	88	2
30	88	2
86	89	1
93	94	1
6	98	2
86	99	1
84	100	1
23	101	2
45	103	2
46	106	2
5	107	4
67	107	2
67	108	4
88	108	2
88	113	2
39	116	2
115	116	2
100	118	1
85	120	2
59	123	2
61	123	2
61	124	1
61	127	3
123	127	2
123	130	2
127	133	2
123	134	2
134	135	1
136	140	1
138	140	2
6	144	2
35	144	2
36	144	4
53	144	1
69	144	2
92	144	2
107	144	2
121	144	2
127	144	2
135	144	2
142	144	2
125	145	2
132	145	2
3	146	2
36	146	4
57	146	2
58	146	1
61	146	2
62	146	4
72	146	2
91	146	1
109	146	2
121	146	2
144	146	114
146	148	4
93	149	2
149	151	2
12	152	1
32	152	2
37	152	2
56	152	1
57	152	2
87	152	2
100	152	1
113	152	1
52	153	2
54	153	1
144	153	5
149	153	3
31	154	2
41	154	2
42	154	2
44	154	2
76	154	2
95	154	1
101	154	2
146	154	5
5	156	4
120	156	2
143	156	2
5	157	4
144	157	4
145	157	2
146	157	2
5	158	4
144	158	4
145	158	2
139	159	2
158	160	2
144	161	1
146	161	1
65	163	2
88	164	2
5	166	2
144	166	2
145	166	1
146	166	3
139	167	2
166	168	2
156	169	2
77	172	1
78	172	1
117	172	2
152	172	1
117	173	2
172	173	23
146	174	4
172	174	2
16	175	2
146	175	4
154	175	3
8	181	2
11	181	2
15	181	2
16	181	2
17	181	3
178	181	2
134	182	2
146	182	3
175	182	2
136	183	1
144	183	4
146	183	2
154	183	3
175	183	9
2	185	1
4	185	2
23	185	2
24	185	2
25	185	2
40	185	2
45	185	2
47	185	2
49	185	2
50	185	2
56	185	1
69	185	1
75	185	4
78	185	2
80	185	1
82	185	1
84	185	1
88	185	4
93	185	1
97	185	2
99	185	2
111	185	3
114	185	2
116	185	4
124	185	1
126	185	2
127	185	2
129	185	2
131	185	2
139	185	2
140	185	1
143	185	2
145	185	6
146	185	8
156	185	2
158	185	2
159	185	2
161	185	1
172	185	2
173	185	2
182	185	2
183	185	2
184	186	1
145	187	1
175	187	2
183	187	2
185	187	4
110	189	1
185	193	1
185	194	2
194	195	2
57	197	2
59	197	2
88	197	2
145	197	4
195	197	2
196	197	3
121	198	2
197	199	2
185	200	2
144	201	1
185	201	4
200	201	1
185	202	1
185	203	2
12	204	2
62	204	4
69	204	1
88	204	25
115	204	2
124	204	1
127	204	2
134	204	1
135	204	1
136	204	1
142	204	2
182	204	1
183	204	2
185	204	15
192	204	2
196	204	2
197	204	4
201	204	1
144	205	2
146	205	2
88	207	1
124	207	1
146	207	8
196	207	2
197	207	2
204	207	12
133	209	2
185	210	2
198	210	4
88	211	2
192	211	2
204	211	2
204	213	2
185	214	3
133	215	2
194	216	3
204	216	2
206	216	2
60	219	1
98	219	2
126	219	2
127	219	3
152	219	1
154	219	2
201	219	1
209	219	1
185	220	6
60	221	1
88	222	2
192	223	2
204	223	2
5	226	2
23	226	2
28	226	2
38	226	2
47	226	2
63	226	4
64	226	2
101	226	2
102	226	2
108	226	2
115	226	2
120	226	4
154	226	2
190	226	2
198	226	2
204	226	5
206	226	2
207	226	1
210	226	2
214	226	2
5	227	2
24	227	2
25	227	2
29	227	2
38	227	2
40	227	2
43	227	2
46	227	2
48	227	4
67	227	2
76	227	2
85	227	2
88	227	4
104	227	2
105	227	2
106	227	2
108	227	2
120	227	4
152	227	5
187	227	1
190	227	2
198	227	2
210	227	2
214	227	2
217	227	2
0	228	2
26	228	2
27	228	2
67	228	2
83	228	1
97	228	2
108	228	2
127	228	2
138	228	4
152	228	3
179	228	1
180	228	1
198	228	4
26	229	2
35	229	2
43	229	2
67	229	2
79	229	1
80	229	1
82	229	1
83	229	1
84	229	1
97	229	2
121	229	2
138	229	4
139	229	2
140	229	2
142	229	2
152	229	3
159	229	2
171	229	1
176	229	1
177	229	1
179	229	1
180	229	1
182	229	2
198	229	4
204	229	2
205	229	2
210	229	2
228	229	48
88	230	4
126	230	2
127	230	2
144	230	5
146	230	5
187	230	3
196	230	1
200	230	1
204	230	9
207	230	3
208	230	2
210	230	1
228	230	4
229	230	4
217	231	4
79	232	1
80	232	1
81	232	1
83	232	1
84	232	1
152	232	2
184	232	1
203	232	2
221	232	2
146	235	2
234	235	1
234	236	2
146	237	4
185	238	2
226	238	2
227	238	2
3	240	2
238	241	2
2	242	2
3	242	2
185	242	2
237	242	5
146	243	3
144	244	5
153	244	3
162	244	2
237	244	4
242	244	4
146	245	1
182	245	1
207	245	1
245	246	1
61	247	1
124	247	1
127	247	1
146	247	2
11	248	1
56	249	2
134	249	1
185	250	1
185	251	1
251	252	1
185	254	2
251	254	1
252	254	1
243	256	1
144	258	1
185	258	2
257	258	1
185	259	1
218	259	1
49	260	2
185	260	2
197	260	2
185	261	2
230	262	2
109	265	1
201	266	1
88	268	2
204	268	2
152	269	2
154	269	1
152	270	2
79	271	1
80	271	1
81	271	1
185	271	2
82	272	1
146	272	1
271	272	3
122	273	2
126	274	2
152	275	2
154	275	1
154	276	1
104	279	2
72	280	1
204	281	2
222	281	2
226	281	2
282	283	1
93	284	2
146	284	2
150	284	1
151	284	2
172	284	2
173	284	2
185	284	2
227	284	3
229	284	2
152	285	1
173	285	3
185	285	2
185	286	2
45	287	2
47	289	2
185	289	2
172	290	2
185	290	2
25	291	2
185	292	3
220	292	2
226	292	4
227	292	4
230	293	1
154	294	4
160	294	2
175	294	2
228	294	1
292	294	3
114	295	2
185	295	2
44	296	2
185	296	2
190	296	2
74	297	1
76	297	2
103	297	2
105	297	2
145	297	2
154	297	31
214	297	2
219	297	1
266	297	1
270	297	2
296	297	4
10	298	2
185	298	1
10	299	2
145	299	2
185	299	5
209	299	2
230	299	2
145	301	2
183	301	2
187	301	2
204	303	1
207	303	1
144	305	4
185	305	4
185	307	1
173	308	2
183	309	1
207	310	1
216	310	2
230	310	1
260	310	2
51	311	2
68	311	2
185	312	1
255	312	1
312	313	1
313	314	1
118	315	2
204	315	1
303	315	2
185	316	3
278	316	2
230	317	1
230	318	1
146	319	4
144	321	2
146	321	2
148	322	1
185	322	1
185	323	1
230	323	1
322	323	1
144	326	2
146	326	2
325	327	2
144	328	4
176	329	2
126	331	2
142	331	2
146	331	3
144	332	2
146	332	2
237	333	3
142	334	2
146	334	2
185	334	2
323	334	1
185	335	1
297	336	2
185	337	1
230	337	1
230	338	1
337	340	1
146	341	1
230	341	1
334	341	1
338	341	1
77	342	1
154	342	5
269	342	1
126	343	2
127	343	2
185	346	2
345	346	1
72	347	2
146	347	2
72	348	1
142	348	2
146	348	2
204	348	2
280	348	1
17	351	1
22	351	2
148	351	1
14	352	2
22	352	1
19	353	2
20	353	2
22	353	1
351	353	5
14	355	1
352	355	1
226	356	2
227	356	2
292	356	2
71	358	1
188	360	1
165	361	1
188	361	1
360	361	2
185	362	1
225	362	1
114	364	2
123	364	2
173	364	1
185	364	7
194	364	2
195	364	2
214	364	2
295	364	2
144	367	1
146	367	1
154	367	1
185	368	1
237	368	1
144	369	1
152	369	1
285	369	1
367	369	1
33	370	2
144	370	1
165	370	2
33	371	2
5	373	4
172	373	2
229	373	2
307	374	1
372	374	1
126	375	2
127	375	2
135	375	2
185	375	3
186	375	1
220	375	2
225	375	1
232	375	1
247	375	2
292	375	4
237	377	1
347	379	2
185	380	1
186	380	1
226	380	2
154	381	2
170	381	2
185	381	1
226	381	2
232	381	1
380	381	3
73	382	2
134	382	2
182	382	2
185	382	1
339	382	2
382	383	3
281	384	2
9	386	2
185	386	3
230	386	2
154	387	1
173	387	1
185	388	2
228	388	1
278	388	2
381	388	2
144	389	2
146	389	2
152	389	2
366	389	2
26	391	2
152	391	2
185	391	5
204	391	2
275	391	2
297	391	3
161	392	1
106	393	2
154	393	2
173	393	2
297	393	2
270	394	2
275	394	2
276	394	1
185	395	1
262	396	2
34	398	2
146	398	2
305	398	2
105	400	2
154	400	2
173	400	2
297	400	2
101	401	2
172	401	2
291	401	2
366	402	2
185	403	1
392	403	1
144	404	1
145	404	1
163	404	1
49	405	2
134	405	2
227	405	2
134	406	2
32	407	2
57	407	2
58	407	1
62	407	4
66	407	1
69	407	2
73	407	6
91	407	1
93	407	1
96	407	2
107	407	4
124	407	1
132	407	2
143	407	4
144	407	32
152	407	4
154	407	4
156	407	2
175	407	5
183	407	6
187	407	2
199	407	2
201	407	1
204	407	14
205	407	2
206	407	2
215	407	1
216	407	2
226	407	2
230	407	5
247	407	2
268	407	2
272	407	1
282	407	1
297	407	2
298	407	4
301	407	2
309	407	1
339	407	2
341	407	2
344	407	2
345	407	2
348	407	2
363	407	2
375	407	3
380	407	1
383	407	2
144	408	2
154	408	1
185	408	1
316	408	1
407	408	2
237	409	1
333	409	1
368	409	1
185	410	1
186	410	1
92	411	2
148	411	1
300	411	2
333	411	2
145	412	2
146	412	2
154	412	2
185	412	2
226	412	2
227	412	2
172	413	2
263	413	1
289	413	2
412	413	2
264	414	1
144	415	2
210	415	2
90	416	2
109	416	1
143	416	2
144	416	2
185	416	4
407	416	3
185	417	1
146	418	1
185	418	1
175	419	2
185	419	2
226	420	2
227	420	2
281	420	2
315	420	2
144	421	2
152	421	2
227	421	2
144	423	2
144	424	2
232	424	1
5	425	2
54	425	1
130	425	2
135	425	1
149	425	3
174	425	2
185	425	8
197	425	4
203	425	2
204	425	4
207	425	4
215	425	1
244	425	4
245	425	1
249	425	1
298	425	2
303	425	1
334	425	1
345	425	1
346	425	1
365	425	2
405	425	2
406	425	2
407	425	2
413	425	2
118	426	2
146	426	4
170	426	2
188	426	1
204	426	1
211	426	2
219	426	5
223	426	2
270	426	2
408	426	2
107	427	2
359	427	2
148	428	1
185	428	2
237	428	1
322	428	1
411	428	2
144	429	2
174	429	2
166	430	2
185	430	3
298	430	1
299	430	1
383	430	1
385	430	1
97	431	2
144	431	2
146	431	2
55	432	1
224	432	1
171	433	1
413	433	1
154	434	1
172	434	1
173	434	1
175	434	1
185	434	4
227	434	2
229	434	2
407	434	1
88	435	2
113	435	2
185	435	4
226	435	2
227	435	2
228	435	2
34	436	2
154	436	2
175	436	1
276	436	1
434	436	1
185	437	1
314	437	1
425	437	2
201	438	4
294	438	1
426	438	1
92	439	2
438	439	2
144	440	2
146	440	2
204	440	2
202	441	1
426	441	1
185	442	3
237	442	1
300	442	2
333	442	1
439	442	4
146	443	2
331	443	1
407	443	2
229	444	2
407	444	2
51	445	1
50	446	1
358	446	1
136	447	1
185	447	1
73	448	2
185	448	1
228	448	2
318	448	1
185	449	2
216	449	3
9	450	1
146	450	1
230	450	1
185	451	2
208	451	2
230	451	2
184	452	4
17	18	1
41	42	2
65	66	1
96	97	2
58	144	1
35	146	2
107	146	2
77	154	1
102	154	2
79	155	1
33	165	2
158	169	2
144	174	2
15	175	2
176	179	1
177	180	1
0	185	2
60	185	1
71	185	1
90	185	2
165	185	2
185	189	1
185	196	1
146	199	2
153	204	1
182	207	1
185	215	1
5	221	1
99	226	1
105	226	2
217	226	2
64	227	2
154	227	2
82	228	1
88	228	3
182	228	2
44	229	2
108	229	2
217	229	2
87	230	4
111	230	1
186	232	5
5	240	2
5	242	4
207	244	1
146	258	1
164	267	2
153	284	1
190	285	2
172	287	2
24	288	2
173	290	2
191	292	2
102	297	2
298	299	5
175	301	2
134	303	1
185	304	1
185	313	2
331	334	2
185	344	2
204	346	1
5	349	4
14	351	2
107	359	2
146	363	2
173	369	1
227	373	3
228	373	2
284	373	7
370	375	1
186	381	1
214	381	2
385	386	3
88	388	2
229	388	1
269	390	2
172	393	2
304	399	1
146	403	2
127	407	2
185	407	20
220	407	2
294	407	2
389	407	2
76	421	2
186	424	1
52	425	2
134	425	10
150	425	1
182	425	3
294	425	2
335	425	1
37	426	2
361	426	2
173	433	1
229	435	2
185	438	5
230	441	2
92	442	2
140	447	1
