1	2	1
3	5	2
2	6	2
15	16	1
20	21	1
32	36	2
35	36	2
37	43	2
56	60	1
61	62	2
51	68	1
51	70	1
28	75	2
31	75	2
40	78	2
79	80	1
81	83	1
88	89	2
86	99	1
45	103	2
67	108	4
12	111	1
115	116	2
114	119	2
59	123	2
123	127	2
126	127	4
110	128	2
125	132	2
127	133	2
123	134	2
136	140	1
57	144	2
61	144	2
62	144	4
124	144	1
135	144	2
91	145	1
125	145	2
144	145	9
13	146	2
53	146	1
58	146	1
61	146	2
62	146	4
72	146	2
121	146	2
124	146	1
142	146	2
4	147	2
148	151	2
12	152	1
32	152	2
37	152	2
38	152	2
56	152	1
60	152	1
111	152	1
146	152	4
144	153	5
31	154	2
76	154	2
101	154	2
144	154	1
146	154	5
144	157	4
5	158	4
157	158	4
139	159	2
144	161	1
144	163	2
145	163	1
146	163	1
145	166	1
146	166	3
152	167	2
166	167	2
5	169	4
167	169	2
39	173	2
77	173	1
152	173	1
172	173	23
172	174	2
17	175	3
145	175	2
177	178	2
11	181	2
16	181	2
175	181	6
134	182	2
175	182	2
145	183	2
144	184	2
146	184	2
1	185	1
2	185	1
25	185	2
33	185	2
39	185	4
40	185	2
47	185	2
65	185	1
79	185	1
83	185	1
87	185	7
91	185	1
96	185	2
112	185	4
115	185	2
124	185	1
128	185	2
131	185	2
134	185	1
135	185	1
140	185	1
144	185	5
145	185	6
175	185	2
178	185	2
183	185	2
184	185	4
182	187	2
183	187	2
152	189	1
185	190	2
98	192	2
146	195	2
146	196	2
185	197	2
196	197	3
121	198	2
185	200	2
200	201	1
185	202	1
185	203	2
30	204	2
62	204	4
145	204	3
185	204	15
192	204	2
201	204	1
204	206	4
69	207	1
124	207	1
146	207	8
204	207	12
200	209	1
198	210	4
185	212	2
204	213	2
127	215	2
133	215	2
152	216	1
185	216	2
194	216	3
199	216	2
204	216	2
5	219	1
95	219	1
98	219	2
127	219	3
185	219	10
200	219	1
203	221	2
204	222	2
185	225	1
0	226	2
38	226	2
40	226	2
43	226	2
48	226	4
67	226	2
76	226	2
85	226	2
108	226	2
185	226	15
214	226	2
40	227	2
46	227	2
63	227	4
76	227	2
108	227	2
185	227	15
198	227	2
204	227	5
206	227	2
214	227	2
0	228	2
27	228	2
35	228	2
43	228	2
80	228	1
83	228	1
84	228	1
108	228	2
139	228	2
140	228	2
141	228	2
171	228	1
206	228	2
0	229	2
26	229	2
80	229	1
82	229	1
84	229	1
88	229	3
121	229	2
138	229	4
159	229	2
163	229	2
171	229	1
180	229	1
185	229	8
210	229	2
228	229	48
126	230	2
127	230	2
145	230	1
146	230	5
197	230	2
202	230	1
208	230	2
83	232	1
185	232	6
203	232	2
228	232	3
144	235	2
2	237	2
6	237	2
2	242	2
226	242	2
238	242	2
239	243	1
144	244	5
237	244	4
187	245	1
204	245	1
227	245	1
185	246	1
135	247	2
144	247	2
11	248	1
175	248	1
56	249	2
185	250	1
185	251	1
250	254	1
251	254	1
239	256	2
146	257	1
160	258	2
185	258	2
185	259	1
154	263	1
109	265	1
85	267	2
204	268	2
152	269	2
82	271	1
83	271	1
79	272	1
81	272	1
146	272	1
185	272	1
271	272	3
122	273	2
152	275	2
118	277	1
185	278	4
204	281	2
227	281	2
185	282	1
149	284	2
173	284	2
228	284	2
152	285	1
172	286	2
279	288	2
172	290	2
220	292	2
229	292	1
185	293	1
146	294	2
293	294	1
44	296	2
185	296	2
76	297	2
103	297	2
104	297	2
105	297	2
145	297	2
154	297	31
214	297	2
219	297	1
266	297	1
270	297	2
279	297	2
294	297	4
296	297	4
10	298	2
145	298	2
185	298	1
209	299	2
92	300	2
230	303	1
246	306	1
172	308	2
182	309	1
185	309	1
255	312	1
207	315	1
144	319	4
146	321	2
148	322	1
230	323	1
144	324	2
325	326	2
144	327	2
325	327	2
146	328	4
176	329	2
146	331	3
146	333	3
185	333	3
230	334	1
323	334	1
334	335	1
103	336	2
154	336	2
173	336	2
230	338	1
230	340	1
337	340	1
338	341	1
154	342	5
269	342	1
275	342	1
126	343	2
127	343	2
230	343	2
274	343	2
146	347	2
344	347	2
72	348	1
142	348	2
157	349	2
17	351	1
18	351	2
22	351	2
17	353	1
18	353	2
19	353	2
20	353	2
239	354	1
256	354	1
351	354	1
226	356	2
50	358	2
165	360	1
188	360	1
59	364	2
114	364	2
123	364	2
172	364	1
185	364	7
195	364	2
146	367	1
185	368	1
237	368	1
144	369	1
285	369	1
33	370	2
165	370	2
70	372	1
144	372	2
284	372	3
311	372	1
157	373	2
284	374	2
144	375	3
292	375	4
362	375	1
377	378	1
154	381	2
192	381	2
297	381	2
73	382	2
185	382	1
10	383	2
185	388	2
366	389	2
152	390	2
26	391	2
152	391	2
154	391	3
204	391	2
223	391	4
297	391	3
297	393	2
275	394	2
42	395	1
173	395	1
387	395	1
291	401	2
366	402	2
3	403	2
144	403	2
161	403	1
144	404	1
163	404	1
134	405	2
405	406	2
1	407	1
10	407	4
57	407	2
59	407	2
62	407	4
66	407	1
73	407	6
91	407	1
124	407	1
135	407	2
142	407	2
146	407	36
156	407	2
183	407	6
187	407	2
205	407	2
244	407	3
247	407	2
268	407	2
298	407	4
339	407	2
359	407	2
370	407	1
375	407	3
380	407	1
144	408	2
154	408	1
197	408	2
204	408	2
185	409	1
333	409	1
186	410	1
370	410	1
92	411	2
154	412	2
185	412	2
154	413	4
185	415	2
407	415	2
109	416	1
144	416	2
185	416	4
265	416	1
380	417	1
145	418	1
175	419	2
185	419	2
152	420	2
226	420	2
48	421	2
146	421	2
152	421	2
297	421	2
232	422	1
144	424	2
422	424	1
423	424	2
5	425	2
54	425	1
72	425	1
123	425	2
130	425	2
145	425	11
149	425	3
162	425	2
196	425	2
215	425	1
221	425	2
242	425	4
272	425	1
346	425	1
348	425	1
382	425	2
389	425	2
413	425	2
38	426	2
87	426	2
146	426	4
165	426	1
201	426	1
230	426	5
305	426	2
407	427	2
148	428	1
146	429	2
174	429	2
298	430	1
385	430	1
109	431	2
228	431	2
229	431	2
55	432	1
122	432	2
273	432	2
154	433	1
172	433	1
185	434	4
228	434	2
229	434	2
204	435	2
228	435	2
434	435	4
34	436	2
183	436	1
276	436	1
342	436	1
302	437	2
314	437	1
219	438	1
230	438	2
266	438	1
411	438	2
92	439	2
438	439	2
127	440	2
407	440	2
426	441	1
438	441	1
439	442	4
235	443	1
331	443	1
228	444	2
443	444	2
51	445	1
185	445	1
50	446	1
185	446	1
136	447	1
185	447	1
228	448	2
229	448	2
230	448	1
318	448	1
407	448	3
185	449	2
194	449	3
144	450	1
407	450	1
17	18	1
29	89	2
96	97	2
35	146	2
144	151	3
115	170	2
71	185	1
165	185	2
145	195	2
183	197	2
146	199	2
185	215	1
0	227	2
64	227	2
116	227	2
154	227	2
88	228	3
108	229	2
87	230	4
186	232	5
229	232	3
237	256	1
230	274	2
102	297	2
134	303	1
185	304	1
185	313	2
331	334	2
73	341	2
270	342	2
185	344	2
185	345	3
204	346	1
5	349	4
232	362	1
350	365	2
228	373	2
284	373	7
376	378	1
186	381	1
385	386	3
342	387	1
229	388	1
172	393	2
2	407	1
185	407	20
219	407	2
283	407	1
145	413	2
154	421	4
226	421	2
52	425	2
229	435	2
92	442	2
73	443	2
448	450	1
