1	2	1
8	11	1
7	14	1
21	22	1
32	36	2
52	53	1
57	58	2
5	60	1
56	60	1
63	64	2
51	68	1
58	69	1
51	70	1
68	70	1
40	78	2
81	84	1
12	88	2
86	89	1
88	89	2
6	98	2
74	99	2
67	107	2
88	108	2
88	113	2
88	115	2
39	116	2
100	118	1
55	122	1
59	123	2
61	123	2
61	124	1
69	124	1
123	130	2
125	132	2
134	135	1
138	141	2
35	144	2
59	144	2
61	144	2
69	144	2
107	144	2
121	144	2
124	144	1
127	144	2
135	144	2
142	144	2
134	145	3
3	146	2
52	146	1
53	146	1
57	146	2
59	146	2
61	146	2
72	146	2
92	146	2
134	146	1
146	148	4
52	149	2
93	151	2
146	151	3
58	152	2
54	153	1
149	153	3
41	154	2
42	154	2
48	154	2
74	154	1
76	154	2
95	154	1
103	154	2
104	154	2
144	157	4
145	157	2
146	157	2
5	158	4
144	158	4
157	158	4
146	161	1
145	163	1
146	163	1
161	163	1
5	166	2
166	167	2
5	168	4
156	168	2
158	168	2
166	168	2
167	169	2
88	170	2
95	171	1
77	172	1
78	172	1
146	172	2
152	172	1
39	173	2
171	173	1
11	175	2
16	175	2
17	175	3
146	175	4
154	175	3
8	181	2
15	181	2
16	181	2
145	182	1
175	182	2
146	183	2
1	185	1
4	185	2
25	185	2
26	185	2
42	185	3
44	185	2
51	185	2
56	185	1
63	185	2
65	185	1
66	185	1
68	185	2
75	185	4
83	185	1
94	185	1
96	185	2
114	185	2
117	185	2
124	185	1
128	185	2
129	185	2
131	185	2
135	185	1
140	185	1
145	185	6
147	185	2
154	185	9
156	185	2
159	185	2
161	185	1
172	185	2
145	187	1
182	187	2
185	187	4
152	189	1
185	190	2
194	195	2
145	196	2
144	197	4
145	197	4
185	197	2
121	198	2
145	199	2
197	199	2
87	201	1
185	201	4
185	202	1
69	204	1
88	204	25
89	204	2
115	204	2
124	204	1
170	204	2
182	204	1
183	204	2
197	204	4
203	204	2
144	205	2
146	205	2
204	206	4
205	206	2
69	207	1
135	207	1
144	207	5
145	207	3
146	207	8
185	207	5
196	207	2
127	209	2
200	209	1
144	210	2
185	210	2
198	210	4
192	211	2
89	213	2
204	213	2
154	214	2
127	215	2
133	215	2
146	215	1
209	215	2
55	216	1
88	216	2
185	216	2
206	216	2
185	218	1
193	218	1
60	219	1
154	219	2
200	219	1
201	219	1
203	221	2
88	222	2
204	222	2
192	223	2
204	223	2
185	225	1
5	226	2
6	226	2
24	226	2
26	226	2
28	226	2
38	226	2
40	226	2
41	226	2
46	226	2
63	226	4
67	226	2
98	226	2
101	226	2
106	226	2
108	226	2
116	226	2
152	226	5
156	226	2
185	226	15
187	226	1
25	227	2
26	227	2
27	227	2
28	227	2
38	227	2
48	227	4
49	227	2
76	227	2
88	227	4
106	227	2
108	227	2
156	227	2
190	227	2
198	227	2
206	227	2
217	227	2
226	227	73
26	228	2
27	228	2
35	228	2
38	228	2
43	228	2
44	228	2
80	228	1
83	228	1
84	228	1
95	228	1
97	228	2
108	228	2
127	228	2
138	228	4
141	228	2
142	228	2
167	228	2
171	228	1
198	228	4
206	228	2
0	229	2
26	229	2
35	229	2
38	229	2
80	229	1
82	229	1
83	229	1
84	229	1
121	229	2
127	229	2
128	229	2
129	229	2
138	229	4
140	229	2
142	229	2
163	229	2
171	229	1
179	229	1
88	230	4
126	230	2
182	230	2
185	230	35
189	230	1
196	230	1
197	230	2
227	230	2
228	230	4
80	232	1
81	232	1
119	232	2
184	232	1
221	232	2
184	233	1
144	235	2
146	235	2
146	236	2
6	237	2
162	237	2
185	237	3
185	238	2
226	238	2
227	238	2
238	241	2
2	242	2
6	242	2
237	242	5
144	243	3
162	244	2
242	244	4
146	245	1
204	245	1
226	245	1
185	246	1
144	247	2
175	248	1
181	248	1
237	248	1
239	248	1
185	250	1
252	254	1
253	254	1
248	256	1
144	257	1
146	257	1
185	259	1
193	259	1
49	260	2
185	261	2
230	262	2
109	265	1
219	266	1
85	267	2
88	267	2
204	268	2
219	268	2
152	269	2
154	269	1
154	270	2
79	271	1
81	271	1
79	272	1
80	272	1
81	272	1
82	272	1
155	272	1
185	272	1
122	273	2
224	273	1
127	274	2
152	275	2
154	275	1
88	276	1
152	281	4
204	281	2
222	281	2
227	281	2
185	282	1
150	284	1
151	284	2
227	284	3
173	285	3
23	286	2
45	287	2
173	287	2
172	288	2
185	288	2
279	288	2
185	289	2
172	290	2
173	291	2
185	291	2
185	292	3
220	292	2
226	292	4
227	292	4
229	292	1
227	294	2
190	296	2
227	296	2
31	297	2
44	297	2
76	297	2
103	297	2
104	297	2
105	297	2
106	297	2
145	297	2
185	297	7
294	297	4
296	297	4
134	298	2
10	299	2
183	301	2
144	302	2
204	303	1
207	303	1
232	304	1
146	305	4
152	305	2
184	305	6
185	306	1
245	306	1
246	306	1
284	307	1
285	308	2
182	309	1
144	310	2
146	310	2
204	310	1
216	310	2
230	310	1
260	310	2
68	311	2
70	311	3
185	311	4
185	312	1
255	313	1
312	313	1
185	314	1
204	315	1
207	315	1
230	315	1
278	316	2
297	316	1
146	317	1
185	317	1
144	319	4
146	319	4
319	320	2
144	322	5
146	322	5
185	322	1
144	323	1
146	323	1
230	323	1
322	324	2
325	326	2
144	327	2
144	328	4
185	330	2
144	332	2
146	332	2
328	332	2
146	333	3
185	333	3
185	334	2
323	334	1
185	335	1
333	335	2
103	336	2
173	336	2
286	336	2
185	338	1
337	340	1
144	341	1
185	341	1
269	342	1
275	342	1
276	342	1
297	342	2
230	343	2
274	343	2
145	347	2
146	347	2
344	347	2
204	348	2
280	348	1
7	351	2
17	351	1
18	351	2
21	351	2
22	351	2
7	352	2
17	353	1
153	354	1
14	355	1
352	355	1
226	356	2
50	358	2
165	360	1
188	360	1
360	361	2
185	362	1
186	362	1
225	362	1
62	363	2
204	363	2
59	364	2
172	364	1
173	364	1
185	364	7
194	364	2
214	364	2
154	367	1
237	368	1
144	369	1
146	369	1
152	369	1
172	369	1
285	369	1
33	370	2
144	370	1
146	370	1
185	370	3
144	372	2
146	372	2
284	372	3
311	372	1
157	373	2
172	373	2
185	374	2
307	374	1
135	375	2
146	375	3
191	375	2
225	375	1
232	375	1
362	375	1
237	377	1
242	377	1
237	378	1
377	378	1
226	380	2
192	381	2
297	381	2
10	382	2
73	382	2
134	382	2
382	383	3
119	384	2
185	385	1
185	386	3
275	387	1
228	388	1
152	390	2
192	390	2
211	390	2
26	391	2
74	391	1
154	391	3
192	391	2
275	391	2
297	391	3
173	393	2
287	393	2
88	394	1
270	394	2
275	394	2
276	394	1
42	395	1
185	395	1
34	398	2
185	399	1
232	399	1
105	400	2
154	400	2
173	400	2
101	401	2
154	401	2
173	401	2
297	401	2
366	402	2
3	403	2
144	403	2
392	403	1
49	405	2
134	405	2
226	405	2
243	406	1
13	407	2
58	407	1
59	407	2
69	407	2
94	407	1
96	407	2
124	407	1
135	407	2
143	407	4
144	407	32
146	407	36
153	407	3
184	407	2
187	407	2
197	407	6
198	407	2
199	407	2
204	407	14
215	407	1
226	407	2
229	407	4
265	407	2
297	407	2
298	407	4
301	407	2
339	407	2
341	407	2
363	407	2
370	407	1
375	407	3
380	407	1
382	407	4
383	407	2
385	407	2
386	407	2
398	407	2
144	408	2
146	408	2
197	408	2
227	408	2
407	408	2
185	409	1
368	409	1
92	411	2
237	411	2
300	411	2
63	412	2
145	412	2
146	412	2
185	412	2
227	412	2
95	413	1
154	413	4
219	413	1
263	413	1
289	413	2
412	413	2
152	414	1
407	415	2
90	416	2
265	416	1
407	417	1
145	418	1
185	418	1
152	420	2
281	420	2
407	421	2
232	422	1
232	424	1
423	424	2
54	425	1
146	425	14
162	425	2
172	425	2
174	425	2
175	425	2
185	425	8
204	425	4
215	425	1
221	425	2
232	425	2
242	425	4
245	425	1
249	425	1
280	425	1
302	425	2
346	425	1
357	425	1
389	425	2
406	425	2
413	425	2
185	426	6
188	426	1
192	426	9
201	426	1
207	426	1
211	426	2
219	426	5
303	426	2
375	426	2
381	426	4
391	426	2
407	426	2
416	426	2
148	428	1
411	428	2
109	431	2
144	431	2
229	431	2
224	432	1
154	433	1
171	433	1
175	434	1
185	434	4
226	434	2
407	434	1
88	435	2
226	435	2
227	435	2
34	436	2
175	436	1
183	436	1
342	436	1
434	436	1
230	438	2
266	438	1
294	438	1
92	439	2
411	439	4
144	440	2
146	440	2
407	440	2
201	441	1
185	442	3
237	442	1
300	442	2
333	442	1
438	442	2
73	444	2
228	444	2
407	444	2
185	445	1
311	445	1
50	446	1
358	446	1
136	447	1
185	447	1
73	448	2
229	448	2
318	448	1
185	449	2
216	449	3
144	450	1
146	450	1
243	450	1
185	451	2
184	452	4
65	66	1
58	144	1
107	146	2
102	154	2
152	154	3
79	155	1
33	165	2
158	169	2
15	175	2
74	185	3
81	185	1
185	196	1
153	204	1
182	207	1
204	212	2
29	226	2
88	226	4
217	226	2
99	227	1
116	227	2
79	228	1
44	229	2
206	229	2
217	229	2
225	232	1
229	232	3
5	240	2
207	244	1
185	253	1
144	284	2
153	284	1
191	292	2
145	294	2
226	294	2
266	294	1
102	297	2
298	299	5
175	301	2
146	302	4
134	303	1
185	304	1
297	308	2
265	315	1
333	334	1
185	340	1
73	341	2
270	342	2
185	344	2
5	349	4
232	362	1
146	363	2
350	365	2
228	373	2
284	373	7
370	375	1
376	378	1
214	381	2
385	386	3
172	387	1
342	387	1
229	388	1
31	391	2
185	392	1
172	393	2
204	396	2
304	399	1
172	400	2
2	407	1
127	407	2
322	411	1
145	413	2
156	416	2
76	421	2
154	421	4
52	425	2
153	425	4
335	425	1
382	430	1
230	441	2
92	442	2
73	443	2
128	444	2
448	450	1
