1	2	1
3	5	2
5	6	2
16	17	1
20	21	1
21	22	1
27	30	2
35	36	2
56	60	1
61	62	2
6	67	2
40	76	2
77	78	1
80	82	1
85	88	2
88	89	2
6	98	2
74	99	2
86	99	1
24	102	2
45	103	2
25	104	2
88	108	2
88	113	2
115	116	2
114	119	2
61	123	2
61	127	3
110	128	2
61	131	2
123	131	2
127	131	2
130	134	2
134	135	1
136	140	1
138	141	2
127	142	2
35	144	2
52	144	1
121	144	2
142	144	2
91	145	1
57	146	2
61	146	2
124	146	1
142	146	2
144	148	4
54	149	1
146	151	3
148	151	2
149	151	2
84	152	1
87	152	2
88	152	3
95	152	1
111	152	1
113	152	1
139	152	2
52	153	2
42	154	2
76	154	2
95	154	1
104	154	2
145	154	4
143	156	2
144	157	4
146	157	2
156	158	4
139	159	2
158	160	2
65	163	2
158	163	2
161	163	1
88	164	2
146	166	3
139	167	2
166	167	2
166	168	2
146	172	2
39	173	2
77	173	1
171	173	1
11	175	2
16	175	2
146	175	4
154	175	3
177	178	2
11	181	2
15	181	2
178	181	2
144	182	2
145	182	1
136	183	1
154	183	3
144	184	2
4	185	2
23	185	2
25	185	2
30	185	2
31	185	4
39	185	4
42	185	3
45	185	2
47	185	2
49	185	2
56	185	1
65	185	1
91	185	1
93	185	1
97	185	2
114	185	2
116	185	4
126	185	2
135	185	1
139	185	2
140	185	1
147	185	2
156	185	2
161	185	1
182	185	2
12	192	2
185	194	2
145	196	2
146	196	2
59	197	2
196	197	3
121	198	2
87	200	1
146	201	1
30	204	2
69	204	1
127	204	2
134	204	1
135	204	1
170	204	2
183	204	2
192	204	2
196	204	2
69	207	1
124	207	1
144	207	5
204	207	12
198	210	4
154	214	2
185	214	3
146	215	1
55	216	1
152	216	1
185	216	2
194	216	3
199	216	2
204	216	2
193	218	1
5	219	1
95	219	1
185	220	6
203	221	2
219	221	1
88	222	2
88	223	2
192	223	2
204	223	2
122	224	1
46	226	2
63	226	4
86	226	1
98	226	2
101	226	2
102	226	2
104	226	2
107	226	2
154	226	2
156	226	2
190	226	2
198	226	2
204	226	5
206	226	2
214	226	2
23	227	2
25	227	2
27	227	2
28	227	2
40	227	2
47	227	2
49	227	2
86	227	1
88	227	4
102	227	2
106	227	2
107	227	2
115	227	2
120	227	4
185	227	15
187	227	1
214	227	2
217	227	2
226	227	73
27	228	2
38	228	2
44	228	2
67	228	2
140	228	2
142	228	2
163	228	2
177	228	1
185	228	8
198	228	4
204	228	2
210	228	2
0	229	2
26	229	2
35	229	2
79	229	1
83	229	1
88	229	3
95	229	1
140	229	2
152	229	3
176	229	1
179	229	1
180	229	1
204	229	2
110	230	1
127	230	2
185	230	35
196	230	1
200	230	1
204	230	9
207	230	3
210	230	1
228	230	4
186	233	1
144	234	3
146	236	2
2	237	2
144	237	4
226	238	2
237	239	1
3	240	2
238	241	2
2	242	2
6	242	2
226	242	2
240	242	4
144	243	3
239	243	1
146	244	5
204	244	1
182	245	1
226	245	1
227	245	1
245	246	1
124	247	1
146	247	2
11	248	1
56	249	2
134	249	1
185	252	1
250	253	1
185	254	2
250	254	1
252	254	1
185	255	1
248	256	1
146	257	1
185	259	1
185	260	2
204	262	2
152	264	1
154	266	1
219	266	1
88	268	2
185	268	2
219	268	2
77	269	1
154	269	1
79	271	1
80	271	1
83	271	1
224	273	1
152	275	2
154	275	1
88	276	1
100	277	1
118	277	1
104	279	2
227	281	2
185	282	1
93	284	2
149	284	2
151	284	2
172	284	2
23	286	2
172	286	2
172	289	2
46	290	2
185	290	2
173	291	2
185	292	3
226	292	4
160	294	2
230	294	1
185	295	2
44	296	2
190	296	2
227	296	2
31	297	2
44	297	2
74	297	1
76	297	2
101	297	2
103	297	2
154	297	31
279	297	2
296	297	4
9	298	2
185	298	1
209	299	2
183	301	2
204	303	1
152	305	2
184	305	6
185	306	1
245	306	1
102	308	2
154	308	2
183	309	1
185	309	1
207	310	1
68	311	2
70	311	3
204	315	1
207	315	1
230	315	1
278	316	2
230	318	1
144	320	2
146	320	2
144	321	2
319	321	2
144	322	5
322	323	1
146	325	4
146	328	4
185	329	2
144	331	3
146	331	3
146	332	2
328	332	2
142	334	2
185	334	2
144	335	2
333	335	2
185	338	1
230	340	1
337	340	1
144	341	1
77	342	1
275	342	1
230	343	2
274	343	2
72	347	2
146	347	2
204	348	2
19	351	2
20	351	2
17	353	1
18	353	2
19	353	2
351	355	1
352	355	1
185	358	2
165	361	1
360	361	2
144	363	2
145	364	2
172	364	1
194	364	2
197	364	1
214	364	2
295	364	2
144	370	1
146	372	2
172	373	2
173	373	2
284	374	2
126	375	2
191	375	2
220	375	2
292	375	4
242	378	1
377	378	1
344	379	2
185	380	1
226	380	2
227	380	2
232	380	1
380	381	3
73	382	2
185	382	1
382	383	3
281	384	2
9	385	2
185	386	3
154	387	1
173	387	1
152	388	2
144	389	2
192	390	2
211	390	2
26	391	2
88	391	2
154	391	3
275	391	2
297	391	3
270	394	2
275	394	2
390	394	2
42	395	1
185	395	1
371	397	2
144	398	2
305	398	2
232	399	1
154	400	2
297	400	2
172	401	2
144	403	2
185	403	1
144	404	1
134	406	2
405	406	2
9	407	5
13	407	2
32	407	2
58	407	1
61	407	2
66	407	1
69	407	2
91	407	1
94	407	1
121	407	2
124	407	1
142	407	2
144	407	32
153	407	3
154	407	4
204	407	14
206	407	2
216	407	2
244	407	3
247	407	2
297	407	2
298	407	4
305	407	4
339	407	2
359	407	2
370	407	1
375	407	3
380	407	1
386	407	2
398	407	2
154	408	1
185	408	1
214	408	2
226	408	2
185	409	1
333	411	2
63	412	2
173	413	2
263	413	1
289	413	2
407	415	2
185	416	4
407	417	1
146	418	1
48	421	2
146	421	2
297	421	2
407	421	2
232	422	1
144	423	2
144	424	2
5	425	2
118	425	1
130	425	2
162	425	2
196	425	2
203	425	2
232	425	2
244	425	4
245	425	1
249	425	1
297	425	2
350	425	2
357	425	1
407	425	2
419	425	2
146	426	4
165	426	1
185	426	6
188	426	1
192	426	9
202	426	1
223	426	2
270	426	2
407	426	2
408	426	2
185	428	2
333	428	1
411	428	2
144	429	2
298	430	1
299	430	1
383	430	1
144	431	2
224	432	1
172	433	1
154	434	1
175	434	1
183	434	1
185	434	4
226	434	2
381	434	2
185	435	4
204	435	2
228	435	2
276	436	1
434	436	1
146	437	2
185	437	1
425	437	2
411	438	2
300	439	2
146	440	2
202	441	1
411	442	5
144	443	2
146	443	2
235	443	1
407	443	2
228	444	2
51	445	1
129	448	2
185	448	1
229	448	2
194	449	3
243	450	1
317	450	1
230	451	2
96	97	2
13	144	2
35	146	2
79	155	1
115	170	2
78	173	1
8	175	2
15	175	2
0	185	2
60	185	1
90	185	2
148	185	1
121	197	2
195	199	2
5	221	1
0	227	2
116	227	2
81	228	1
82	228	1
81	229	1
108	229	2
217	229	2
87	230	4
111	230	1
5	240	2
152	243	1
155	271	1
88	281	2
153	284	1
173	286	2
172	287	2
173	290	2
266	294	1
92	302	2
134	303	1
297	308	2
172	336	2
185	340	1
270	342	2
107	359	2
333	368	1
228	373	2
214	381	2
172	387	1
229	388	1
185	392	1
2	407	1
65	407	1
127	407	2
52	425	2
134	425	10
153	425	4
335	425	1
173	433	1
230	441	2
140	447	1
448	450	1
