1	2	1
5	6	2
8	15	1
15	16	1
20	21	1
7	22	1
21	22	1
27	30	2
35	36	2
27	43	4
5	60	1
58	69	1
51	70	1
28	75	2
80	82	1
82	83	1
12	88	2
30	88	2
88	89	2
6	98	2
86	99	1
84	100	1
24	102	2
46	106	2
5	107	4
67	108	4
88	113	2
115	116	2
85	120	2
59	123	2
61	124	1
123	127	2
123	131	2
136	140	1
138	140	2
3	144	2
6	144	2
35	144	2
52	144	1
109	144	2
134	145	3
13	146	2
36	146	4
52	146	1
53	146	1
57	146	2
62	146	4
72	146	2
109	146	2
132	146	2
4	147	2
93	151	2
146	151	3
148	151	2
32	152	2
37	152	2
38	152	2
87	152	2
110	152	1
111	152	1
139	152	2
52	153	2
42	154	2
95	154	1
101	154	2
103	154	2
145	154	4
5	157	4
145	157	2
156	158	4
157	158	4
158	160	2
146	163	1
144	166	2
145	166	1
152	167	2
166	167	2
5	168	4
158	168	2
5	169	4
77	172	1
39	173	2
171	173	1
145	175	2
154	175	3
11	181	2
134	182	2
144	182	2
175	182	2
23	185	2
26	185	2
30	185	2
33	185	2
40	185	2
41	185	2
42	185	3
44	185	2
46	185	2
47	185	2
66	185	1
68	185	2
70	185	3
84	185	1
87	185	7
114	185	2
115	185	2
124	185	1
128	185	2
131	185	2
140	185	1
145	185	6
146	185	8
147	185	2
156	185	2
175	185	2
178	185	2
184	186	1
145	187	1
182	187	2
185	190	2
12	192	2
185	193	1
185	194	2
146	195	2
194	195	2
146	196	2
57	197	2
59	197	2
88	197	2
144	197	4
146	197	8
145	199	2
89	204	2
124	204	1
127	204	2
142	204	2
170	204	2
183	204	2
192	204	2
196	204	2
197	204	4
204	205	2
124	207	1
146	207	8
152	207	1
153	207	1
185	207	5
185	209	3
87	210	1
146	210	2
185	210	2
204	211	2
203	212	2
185	214	3
133	215	2
209	215	2
55	216	1
194	216	3
206	216	2
0	217	4
193	218	1
126	219	2
185	219	10
60	221	1
122	224	1
186	225	1
5	226	2
24	226	2
38	226	2
45	226	2
48	226	4
49	226	2
103	226	2
104	226	2
154	226	2
190	226	2
198	226	2
5	227	2
24	227	2
25	227	2
38	227	2
45	227	2
63	227	4
85	227	2
86	227	1
101	227	2
103	227	2
104	227	2
152	227	5
187	227	1
204	227	5
214	227	2
0	228	2
27	228	2
35	228	2
43	228	2
44	228	2
67	228	2
80	228	1
83	228	1
95	228	1
108	228	2
127	228	2
142	228	2
167	228	2
171	228	1
176	228	1
179	228	1
185	228	8
198	228	4
206	228	2
35	229	2
79	229	1
129	229	2
140	229	2
171	229	1
179	229	1
204	229	2
110	230	1
182	230	2
185	230	35
189	230	1
200	230	1
204	230	9
228	230	4
137	231	4
79	232	1
80	232	1
83	232	1
84	232	1
185	232	6
203	232	2
221	232	2
146	234	3
144	235	2
234	236	2
6	237	2
144	237	4
146	237	4
227	238	2
3	242	2
6	242	2
237	242	5
240	242	4
5	244	2
144	244	5
230	244	2
237	244	4
145	245	1
227	245	1
61	247	1
135	247	2
175	248	1
181	248	1
56	249	2
134	249	1
251	252	1
185	255	1
146	257	1
160	258	2
185	259	1
219	266	1
88	267	2
108	268	2
185	268	2
152	269	2
154	269	1
80	271	1
81	271	1
79	272	1
152	275	2
154	275	1
88	276	1
152	276	1
118	277	1
172	279	2
173	279	2
152	281	4
226	281	2
227	281	2
232	281	2
173	284	2
226	284	3
228	284	2
152	285	1
45	287	2
173	287	2
172	291	2
185	292	3
220	292	2
227	292	4
228	292	1
160	294	2
228	294	1
154	296	4
190	296	2
31	297	2
44	297	2
103	297	2
146	297	2
154	297	31
279	297	2
294	297	4
9	298	2
10	298	2
134	298	2
145	298	2
209	299	2
197	301	2
232	304	1
185	305	4
246	306	1
284	307	1
102	308	2
183	309	1
197	310	2
260	310	2
70	311	3
312	313	1
303	315	2
146	317	1
185	318	1
144	319	4
146	319	4
230	323	1
144	324	2
144	325	4
144	328	4
126	331	2
142	331	2
144	331	3
185	333	3
237	333	3
126	334	2
142	334	2
146	334	2
103	336	2
154	336	2
286	336	2
185	338	1
230	341	1
334	341	1
276	342	1
127	343	2
230	343	2
274	343	2
146	347	2
17	351	1
18	351	2
20	351	2
21	351	2
7	352	2
22	352	1
20	353	2
21	353	2
351	353	5
148	354	1
351	354	1
14	355	1
351	355	1
352	355	1
292	356	2
360	361	2
186	362	1
225	362	1
195	364	2
230	364	1
301	364	2
165	370	2
70	372	1
185	372	2
172	373	2
229	373	2
185	374	2
126	375	2
127	375	2
144	375	3
191	375	2
247	375	2
362	375	1
242	377	1
377	378	1
347	379	2
186	380	1
185	381	1
227	381	2
134	382	2
185	382	1
119	384	2
9	385	2
9	386	2
230	386	2
154	387	1
173	387	1
275	387	1
185	388	2
278	388	2
146	389	2
192	390	2
152	391	2
204	391	2
88	394	1
152	394	7
390	394	2
185	395	1
230	396	2
144	398	2
232	399	1
154	400	2
173	400	2
144	403	2
161	403	1
226	405	2
134	406	2
5	407	4
13	407	2
57	407	2
58	407	1
61	407	2
62	407	4
69	407	2
91	407	1
93	407	1
94	407	1
109	407	1
124	407	1
125	407	2
142	407	2
154	407	4
156	407	2
175	407	5
183	407	6
184	407	2
197	407	6
199	407	2
207	407	5
215	407	1
226	407	2
247	407	2
298	407	4
315	407	1
339	407	2
341	407	2
348	407	2
367	407	1
369	407	1
375	407	3
398	407	2
214	408	2
226	408	2
316	408	1
368	409	1
370	410	1
92	411	2
148	411	1
95	413	1
172	413	2
412	413	2
152	414	1
146	416	2
185	417	1
145	418	1
315	420	2
146	421	2
232	422	1
144	423	2
423	424	2
5	425	2
54	425	1
135	425	1
154	425	4
174	425	2
197	425	4
203	425	2
215	425	1
249	425	1
302	425	2
303	425	1
346	425	1
350	425	2
405	425	2
98	426	2
118	426	2
188	426	1
192	426	9
201	426	1
223	426	2
230	426	5
270	426	2
305	426	2
315	426	4
381	426	4
390	426	2
391	426	2
408	426	2
416	426	2
107	427	2
407	427	2
148	428	1
185	428	2
322	428	1
174	429	2
144	430	2
298	430	1
171	433	1
172	433	1
263	433	1
413	433	1
185	434	4
364	434	1
407	434	1
88	435	2
113	435	2
227	435	2
154	436	2
425	437	2
92	439	2
185	441	2
201	441	1
411	442	5
439	442	4
235	443	1
407	443	2
407	444	2
443	444	2
51	445	1
68	445	1
50	446	1
358	446	1
185	447	1
9	448	1
73	448	2
185	448	1
228	448	2
230	448	1
341	448	2
194	449	3
243	450	1
112	451	2
18	19	1
41	42	2
58	144	1
67	146	4
135	146	2
102	154	2
79	155	1
115	170	2
144	174	2
8	175	2
0	185	2
136	185	2
181	185	2
185	196	1
146	199	2
153	204	1
5	221	1
88	226	4
105	226	2
41	227	2
154	227	2
129	228	2
44	229	2
186	232	5
225	232	1
5	240	2
227	242	2
185	253	1
153	284	1
190	285	2
226	294	2
266	294	1
134	303	1
185	304	1
297	308	2
185	313	2
146	324	2
329	330	2
270	342	2
344	345	2
5	349	4
107	359	2
333	368	1
173	369	1
370	375	1
376	378	1
385	386	3
342	387	1
88	388	2
269	390	2
185	392	1
304	399	1
146	403	2
185	407	20
220	407	2
322	411	1
145	413	2
226	421	2
186	424	1
134	425	10
150	425	1
153	425	4
294	425	2
37	426	2
152	426	6
382	430	1
229	435	2
230	441	2
