1	2	1
3	5	2
8	11	1
8	15	1
15	16	1
28	29	2
57	59	2
61	62	2
63	64	2
51	68	1
50	71	1
31	75	2
81	83	1
82	83	1
30	88	2
85	88	2
86	89	1
88	89	2
67	90	2
93	94	1
6	98	2
74	99	2
84	100	1
23	101	2
24	102	2
45	103	2
25	104	2
67	107	2
67	108	4
39	116	2
115	116	2
85	120	2
61	123	2
69	124	1
61	127	3
111	129	2
61	131	2
127	131	2
125	132	2
134	135	1
136	140	1
138	140	2
138	141	2
127	142	2
96	143	2
32	144	4
35	144	2
52	144	1
57	144	2
61	144	2
67	144	4
69	144	2
107	144	2
109	144	2
124	144	1
142	144	2
72	145	2
91	145	1
6	146	2
36	146	4
52	146	1
69	146	2
91	146	1
109	146	2
132	146	2
146	148	4
52	149	2
93	149	2
148	151	2
149	151	2
12	152	1
32	152	2
48	152	2
58	152	2
89	152	3
100	152	1
110	152	1
111	152	1
113	152	1
144	152	4
150	153	1
31	154	2
42	154	2
44	154	2
76	154	2
104	154	2
145	154	4
120	156	2
143	156	2
5	157	4
145	157	2
5	158	4
144	158	4
145	158	2
157	158	4
144	161	1
65	163	2
145	163	1
146	163	1
5	166	2
144	166	2
146	166	3
166	167	2
5	169	4
156	169	2
167	169	2
168	169	2
77	172	1
117	172	2
146	172	2
171	172	1
77	173	1
117	173	2
152	173	1
172	173	23
146	174	4
11	175	2
17	175	3
144	175	6
145	175	2
146	175	4
154	175	3
177	178	2
146	182	3
145	183	2
146	183	2
175	183	9
144	184	2
146	184	2
1	185	1
12	185	1
23	185	2
24	185	2
25	185	2
26	185	2
27	185	2
30	185	2
39	185	4
41	185	2
47	185	2
70	185	3
80	185	1
84	185	1
87	185	7
88	185	4
91	185	1
94	185	1
96	185	2
97	185	2
114	185	2
115	185	2
116	185	4
117	185	2
126	185	2
131	185	2
140	185	1
145	185	6
152	185	7
154	185	9
156	185	2
159	185	2
173	185	2
175	185	2
183	187	2
185	190	2
194	195	2
146	196	2
57	197	2
144	197	4
145	197	4
146	197	8
185	197	2
13	201	1
146	201	1
185	201	4
200	201	1
185	202	1
185	203	2
12	204	2
30	204	2
61	204	2
62	204	4
69	204	1
89	204	2
108	204	2
113	204	3
134	204	1
142	204	2
146	204	19
182	204	1
183	204	2
185	204	15
196	204	2
197	204	4
203	204	2
144	205	2
0	206	2
205	206	2
124	207	1
134	207	1
185	207	5
87	210	1
146	210	2
192	211	2
204	211	2
204	213	2
154	214	2
209	215	2
88	216	2
185	216	2
204	216	2
206	216	2
0	217	4
185	218	1
193	218	1
127	219	3
152	219	1
154	219	2
200	219	1
87	220	2
185	220	6
219	221	1
204	223	2
122	224	1
186	225	1
5	226	2
6	226	2
26	226	2
28	226	2
38	226	2
40	226	2
48	226	4
63	226	4
104	226	2
107	226	2
120	226	4
152	226	5
187	226	1
190	226	2
204	226	5
214	226	2
23	227	2
28	227	2
40	227	2
45	227	2
46	227	2
76	227	2
86	227	1
98	227	2
104	227	2
105	227	2
108	227	2
120	227	4
185	227	15
198	227	2
204	227	5
207	227	1
217	227	2
35	228	2
43	228	2
83	228	1
121	228	2
140	228	2
142	228	2
159	228	2
171	228	1
177	228	1
179	228	1
180	228	1
204	228	2
210	228	2
217	228	2
0	229	2
67	229	2
79	229	1
82	229	1
83	229	1
84	229	1
127	229	2
128	229	2
129	229	2
138	229	4
139	229	2
140	229	2
142	229	2
152	229	3
176	229	1
180	229	1
182	229	2
198	229	4
205	229	2
210	229	2
12	230	1
126	230	2
144	230	5
152	230	3
196	230	1
200	230	1
207	230	3
210	230	1
226	230	2
227	230	2
79	232	1
80	232	1
232	233	1
144	234	3
234	235	1
144	236	2
146	236	2
234	236	2
146	237	4
162	237	2
185	237	3
237	239	1
3	240	2
162	242	2
185	242	2
238	242	2
240	242	4
146	243	3
239	243	1
146	244	5
162	244	2
204	244	1
230	244	2
185	245	3
226	245	1
185	246	1
245	246	1
127	247	1
135	247	2
144	247	2
175	248	1
237	248	1
239	248	1
134	249	1
251	252	1
185	255	1
239	256	2
146	257	1
160	258	2
257	258	1
185	259	1
185	260	2
112	261	2
154	263	1
154	266	1
201	266	1
85	267	2
88	267	2
88	268	2
204	268	2
219	268	2
80	271	1
81	271	1
83	271	1
209	271	2
79	272	1
81	272	1
146	272	1
155	272	1
215	272	1
271	272	3
55	273	1
122	273	2
126	274	2
154	275	1
154	276	1
104	279	2
172	279	2
173	279	2
72	280	1
222	281	2
227	281	2
185	282	1
146	284	2
149	284	2
150	284	1
173	284	2
185	284	2
229	284	2
173	285	3
185	287	2
185	288	2
47	289	2
172	291	2
185	292	3
226	292	4
230	293	1
175	294	2
183	294	2
227	294	2
228	294	1
292	294	3
44	296	2
185	296	2
74	297	1
101	297	2
104	297	2
154	297	31
175	297	2
294	297	4
9	298	2
10	298	2
134	298	2
9	299	2
10	299	2
145	299	2
146	299	2
230	299	2
92	300	2
145	301	2
185	301	2
197	301	2
204	303	1
249	303	1
232	304	1
185	305	4
185	306	1
245	306	1
246	306	1
185	307	1
284	307	1
102	308	2
172	308	2
285	308	2
182	309	1
183	309	1
146	310	2
207	310	1
313	314	1
207	315	1
230	315	1
303	315	2
185	316	3
297	316	1
146	317	1
185	318	1
230	318	1
146	319	4
144	320	2
144	322	5
148	322	1
185	322	1
185	323	1
322	323	1
144	324	2
144	325	4
146	326	2
144	327	2
325	327	2
176	329	2
185	329	2
126	331	2
142	331	2
144	331	3
146	331	3
146	332	2
328	332	2
144	333	3
126	334	2
142	334	2
146	334	2
230	334	1
323	334	1
334	335	1
103	336	2
173	336	2
297	336	2
185	337	1
185	338	1
230	338	1
230	340	1
337	340	1
146	341	1
338	341	1
154	342	5
297	342	2
126	343	2
274	343	2
183	346	1
185	346	2
345	346	1
145	347	2
142	348	2
204	348	2
157	349	2
19	351	2
21	351	2
22	352	1
18	353	2
20	353	2
148	354	1
239	354	1
256	354	1
351	354	1
14	355	1
226	356	2
71	358	1
185	358	2
165	360	1
188	360	1
165	361	1
360	361	2
185	362	1
225	362	1
62	363	2
144	363	2
59	364	2
123	364	2
172	364	1
197	364	1
214	364	2
301	364	2
146	367	1
146	369	1
152	369	1
154	369	1
285	369	1
367	369	1
13	370	1
165	370	2
185	370	3
5	373	4
172	373	2
173	373	2
229	373	2
185	374	2
372	374	1
127	375	2
185	375	3
191	375	2
219	375	2
247	375	2
362	375	1
344	379	2
226	380	2
170	381	2
226	381	2
232	381	1
380	381	3
134	382	2
185	383	1
119	384	2
152	384	2
185	385	1
9	386	2
275	387	1
228	388	1
278	388	2
144	389	2
192	390	2
74	391	1
88	391	2
154	391	3
192	391	2
154	393	2
287	393	2
391	394	2
42	395	1
387	395	1
371	397	2
34	398	2
146	398	2
305	398	2
185	399	1
105	400	2
172	401	2
389	402	2
3	403	2
392	403	1
145	404	1
134	405	2
226	405	2
152	406	1
243	406	1
1	407	1
10	407	4
32	407	2
61	407	2
62	407	4
73	407	6
107	407	4
109	407	1
121	407	2
132	407	2
143	407	4
146	407	36
154	407	4
175	407	5
187	407	2
198	407	2
207	407	5
215	407	1
228	407	4
229	407	4
268	407	2
272	407	1
301	407	2
309	407	1
348	407	2
359	407	2
370	407	1
382	407	4
383	407	2
386	407	2
88	408	2
144	408	2
185	408	1
197	408	2
204	408	2
214	408	2
226	408	2
305	408	2
316	408	1
185	409	1
368	409	1
186	410	1
300	411	2
63	412	2
145	412	2
154	412	2
95	413	1
146	413	2
152	413	1
219	413	1
263	413	1
412	413	2
152	414	1
144	415	2
185	415	2
146	416	2
185	416	4
407	416	3
380	417	1
145	418	1
185	418	1
175	419	2
152	420	2
281	420	2
144	421	2
227	421	2
297	421	2
305	421	2
144	423	2
146	423	2
423	424	2
5	425	2
100	425	1
118	425	1
130	425	2
135	425	1
146	425	14
154	425	4
172	425	2
174	425	2
175	425	2
185	425	8
195	425	2
196	425	2
197	425	4
199	425	2
215	425	1
221	425	2
277	425	1
303	425	1
334	425	1
382	425	2
87	426	2
118	426	2
144	426	4
146	426	4
165	426	1
188	426	1
192	426	9
305	426	2
390	426	2
407	426	2
107	427	2
359	427	2
148	428	1
322	428	1
333	428	1
144	429	2
146	429	2
146	430	2
185	430	3
383	430	1
386	430	1
146	431	2
224	432	1
172	433	1
172	434	1
173	434	1
183	434	1
227	434	2
388	434	2
88	435	2
185	435	4
228	435	2
175	436	1
146	437	2
185	437	1
302	437	2
313	437	1
266	438	1
294	438	1
411	438	2
426	438	1
438	439	2
201	441	1
185	442	3
300	442	2
333	442	1
411	442	5
438	442	2
144	443	2
146	443	2
331	443	1
407	444	2
51	445	1
185	445	1
9	448	1
341	448	2
243	450	1
185	451	2
230	451	2
17	18	1
65	66	1
29	89	2
35	146	2
67	146	4
145	146	19
152	154	3
158	169	2
144	174	2
8	175	2
176	179	1
177	180	1
0	185	2
81	185	1
136	185	2
165	185	2
185	189	1
145	195	2
146	199	2
195	199	2
153	204	1
185	215	1
192	219	3
29	226	2
88	226	4
41	227	2
64	227	2
116	227	2
154	227	2
44	229	2
141	229	2
217	229	2
153	230	2
225	232	1
237	256	1
164	267	2
230	274	2
144	284	2
153	284	1
190	285	2
24	288	2
173	290	2
191	292	2
145	294	2
102	297	2
175	301	2
92	302	2
146	302	4
134	303	1
185	304	1
151	317	1
146	324	2
146	327	2
144	334	2
333	334	1
344	345	2
107	359	2
227	373	3
228	373	2
370	375	1
376	378	1
232	384	4
385	386	3
88	388	2
227	388	1
229	388	1
31	391	2
304	399	1
146	403	2
2	407	1
185	407	20
219	407	2
260	407	2
389	407	2
156	416	2
154	421	4
284	425	1
294	425	2
335	425	1
152	426	6
361	426	2
73	443	2
448	450	1
