1	2	1
2	6	2
8	11	1
7	14	1
8	15	1
19	20	1
20	21	1
7	22	1
21	22	1
32	36	2
26	38	4
27	43	4
35	44	2
52	53	1
57	59	2
5	60	1
56	60	1
6	67	2
58	69	1
51	70	1
68	70	1
31	75	2
40	78	2
77	78	1
79	80	1
81	83	1
81	84	1
12	88	2
30	88	2
85	88	2
86	89	1
88	89	2
67	90	2
93	94	1
6	98	2
74	99	2
86	99	1
24	102	2
45	103	2
25	104	2
47	105	2
5	107	4
67	107	2
67	108	4
88	108	2
12	111	1
88	115	2
39	116	2
115	116	2
100	118	1
114	119	2
55	122	1
59	123	2
69	124	1
123	127	2
124	127	1
126	127	4
123	130	2
61	131	2
123	131	2
127	131	2
127	133	2
123	134	2
130	134	2
134	135	1
136	140	1
138	140	2
138	141	2
127	142	2
96	143	2
3	144	2
6	144	2
32	144	4
36	144	4
52	144	1
53	144	1
57	144	2
69	144	2
92	144	2
109	144	2
121	144	2
124	144	1
127	144	2
142	144	2
91	145	1
125	145	2
132	145	2
134	145	3
144	145	9
32	146	4
53	146	1
61	146	2
69	146	2
91	146	1
109	146	2
121	146	2
124	146	1
127	146	2
132	146	2
142	146	2
4	147	2
146	148	4
54	149	1
93	149	2
146	151	3
148	151	2
149	151	2
12	152	1
29	152	2
32	152	2
48	152	2
55	152	1
56	152	1
57	152	2
86	152	1
88	152	3
100	152	1
110	152	1
111	152	1
139	152	2
52	153	2
54	153	1
144	153	5
149	153	3
150	153	1
31	154	2
41	154	2
44	154	2
74	154	1
76	154	2
101	154	2
103	154	2
104	154	2
105	154	2
106	154	2
145	154	4
146	154	5
5	156	4
120	156	2
5	157	4
144	157	4
146	157	2
5	158	4
145	158	2
156	158	4
157	158	4
139	159	2
158	160	2
146	161	1
145	163	1
159	163	2
161	163	1
5	166	2
134	166	1
144	166	2
145	166	1
146	166	3
152	167	2
166	167	2
166	168	2
5	169	4
156	169	2
167	169	2
168	169	2
88	170	2
95	171	1
117	172	2
152	172	1
171	172	1
77	173	1
117	173	2
152	173	1
171	173	1
146	174	4
172	174	2
11	175	2
16	175	2
17	175	3
144	175	6
145	175	2
146	175	4
154	175	3
177	178	2
15	181	2
175	181	6
178	181	2
145	182	1
144	183	4
145	183	2
144	184	2
146	184	2
1	185	1
4	185	2
23	185	2
24	185	2
26	185	2
27	185	2
28	185	2
33	185	2
39	185	4
40	185	2
41	185	2
44	185	2
45	185	2
46	185	2
49	185	2
50	185	2
68	185	2
69	185	1
70	185	3
75	185	4
78	185	2
79	185	1
80	185	1
83	185	1
84	185	1
87	185	7
88	185	4
91	185	1
94	185	1
96	185	2
97	185	2
110	185	3
112	185	4
115	185	2
117	185	2
124	185	1
127	185	2
128	185	2
131	185	2
134	185	1
135	185	1
139	185	2
140	185	1
144	185	5
145	185	6
146	185	8
154	185	9
156	185	2
158	185	2
159	185	2
160	185	4
161	185	1
172	185	2
178	185	2
145	187	1
185	187	4
110	189	1
152	189	1
185	190	2
88	192	2
98	192	2
185	193	1
185	194	2
146	195	2
145	196	2
57	197	2
59	197	2
144	197	4
145	197	4
146	197	8
185	197	2
195	197	2
196	197	3
121	198	2
197	199	2
185	200	2
13	201	1
146	201	1
185	201	4
200	201	1
12	204	2
88	204	25
89	204	2
108	204	2
113	204	3
124	204	1
135	204	1
145	204	3
146	204	19
170	204	2
182	204	1
201	204	1
144	205	2
88	206	2
69	207	1
124	207	1
135	207	1
145	207	3
146	207	8
196	207	2
204	207	12
127	209	2
200	209	1
144	210	2
146	210	2
198	210	4
192	211	2
204	211	2
88	213	2
204	213	2
154	214	2
185	214	3
146	215	1
209	215	2
55	216	1
152	216	1
185	216	2
194	216	3
199	216	2
204	216	2
206	216	2
185	218	1
60	219	1
127	219	3
152	219	1
154	219	2
200	219	1
201	219	1
87	220	2
185	220	6
60	221	1
203	221	2
88	222	2
204	222	2
88	223	2
204	223	2
122	224	1
186	225	1
0	226	2
5	226	2
24	226	2
25	226	2
28	226	2
40	226	2
45	226	2
46	226	2
47	226	2
63	226	4
64	226	2
67	226	2
76	226	2
85	226	2
86	226	1
101	226	2
102	226	2
103	226	2
104	226	2
107	226	2
108	226	2
156	226	2
185	226	15
190	226	2
198	226	2
210	226	2
214	226	2
5	227	2
6	227	2
23	227	2
24	227	2
25	227	2
26	227	2
27	227	2
28	227	2
40	227	2
47	227	2
48	227	4
49	227	2
63	227	4
67	227	2
98	227	2
101	227	2
104	227	2
105	227	2
107	227	2
108	227	2
115	227	2
120	227	4
185	227	15
187	227	1
206	227	2
207	227	1
210	227	2
217	227	2
0	228	2
26	228	2
35	228	2
44	228	2
80	228	1
97	228	2
108	228	2
127	228	2
140	228	2
142	228	2
152	228	3
171	228	1
176	228	1
177	228	1
179	228	1
180	228	1
187	228	2
204	228	2
205	228	2
206	228	2
217	228	2
26	229	2
35	229	2
67	229	2
80	229	1
82	229	1
83	229	1
84	229	1
95	229	1
121	229	2
129	229	2
138	229	4
140	229	2
142	229	2
159	229	2
163	229	2
167	229	2
176	229	1
179	229	1
182	229	2
185	229	8
187	229	2
198	229	4
204	229	2
205	229	2
210	229	2
12	230	1
88	230	4
110	230	1
127	230	2
145	230	1
146	230	5
160	230	2
187	230	3
189	230	1
197	230	2
201	230	3
202	230	1
204	230	9
208	230	2
220	230	2
228	230	4
229	230	4
217	231	4
79	232	1
81	232	1
82	232	1
83	232	1
84	232	1
119	232	2
184	232	1
185	232	6
228	232	3
184	233	1
186	233	1
232	233	1
146	234	3
144	235	2
146	235	2
234	235	1
234	236	2
2	237	2
144	237	4
146	237	4
226	238	2
3	240	2
238	241	2
2	242	2
185	242	2
237	242	5
238	242	2
146	243	3
5	244	2
146	244	5
230	244	2
242	244	4
146	245	1
182	245	1
185	245	3
226	245	1
245	246	1
61	247	1
127	247	1
146	247	2
239	248	1
56	249	2
185	250	1
185	252	1
251	252	1
250	253	1
250	254	1
251	254	1
252	254	1
239	256	2
248	256	1
144	257	1
146	257	1
257	258	1
185	259	1
193	259	1
49	260	2
197	260	2
185	261	2
204	262	2
230	262	2
152	264	1
109	265	1
154	266	1
201	266	1
219	266	1
85	267	2
88	267	2
108	268	2
185	268	2
204	268	2
77	269	1
152	269	2
154	269	1
152	270	2
154	270	2
80	271	1
81	271	1
82	271	1
83	271	1
185	271	2
79	272	1
80	272	1
82	272	1
83	272	1
55	273	1
122	273	2
224	273	1
154	275	1
88	276	1
152	276	1
154	276	1
100	277	1
118	277	1
185	278	4
154	279	2
172	279	2
173	279	2
152	281	4
204	281	2
226	281	2
227	281	2
93	284	2
146	284	2
150	284	1
173	284	2
185	284	2
226	284	3
227	284	3
172	285	3
185	285	2
173	288	2
185	288	2
279	288	2
173	289	2
172	290	2
185	290	2
172	291	2
220	292	2
226	292	4
227	292	4
228	292	1
229	292	1
185	293	1
230	293	1
146	294	2
175	294	2
227	294	2
293	294	1
185	295	2
44	296	2
154	296	4
185	296	2
226	296	2
227	296	2
31	297	2
74	297	1
103	297	2
104	297	2
105	297	2
183	297	2
185	297	7
214	297	2
219	297	1
266	297	1
270	297	2
279	297	2
9	298	2
134	298	2
145	298	2
185	298	1
10	299	2
209	299	2
230	299	2
271	299	2
92	300	2
183	301	2
185	301	2
187	301	2
197	301	2
249	303	1
144	305	4
146	305	4
152	305	2
184	305	6
185	305	4
245	306	1
246	306	1
284	307	1
154	308	2
172	308	2
173	308	2
285	308	2
182	309	1
185	309	1
144	310	2
146	310	2
152	310	2
199	310	2
204	310	1
216	310	2
230	310	1
68	311	2
70	311	3
185	311	4
185	312	1
255	313	1
312	313	1
207	315	1
230	315	1
303	315	2
154	316	1
185	316	3
297	316	1
230	317	1
185	318	1
230	318	1
146	319	4
144	320	2
146	320	2
319	320	2
146	322	5
230	323	1
144	324	2
322	324	2
146	325	4
144	326	2
144	327	2
144	328	4
146	328	4
176	329	2
185	329	2
126	331	2
142	331	2
144	331	3
146	331	3
146	332	2
328	332	2
146	333	3
185	334	2
144	335	2
146	335	2
185	335	1
333	335	2
334	335	1
286	336	2
185	337	1
230	338	1
73	339	2
185	341	1
230	341	1
334	341	1
338	341	1
154	342	5
269	342	1
275	342	1
276	342	1
126	343	2
230	343	2
185	346	2
345	346	1
72	347	2
145	347	2
146	347	2
344	347	2
142	348	2
146	348	2
157	349	2
7	351	2
18	351	2
19	351	2
21	351	2
7	352	2
14	352	2
22	352	1
351	352	3
17	353	1
18	353	2
21	353	2
153	354	1
239	354	1
256	354	1
14	355	1
351	355	1
226	356	2
227	356	2
292	356	2
71	358	1
185	358	2
5	359	2
165	360	1
188	360	1
165	361	1
188	361	1
360	361	2
185	362	1
225	362	1
144	363	2
59	364	2
114	364	2
123	364	2
172	364	1
173	364	1
194	364	2
195	364	2
197	364	1
214	364	2
230	364	1
301	364	2
144	367	1
146	367	1
154	367	1
13	370	1
33	370	2
144	370	1
146	370	1
165	370	2
146	372	2
185	372	2
284	372	3
5	373	4
173	373	2
229	373	2
185	374	2
284	374	2
372	374	1
144	375	3
185	375	3
186	375	1
219	375	2
220	375	2
232	375	1
247	375	2
292	375	4
237	377	1
242	377	1
237	378	1
377	378	1
344	379	2
347	379	2
185	380	1
186	380	1
154	381	2
185	381	1
227	381	2
232	381	1
297	381	2
375	381	2
134	382	2
185	382	1
339	382	2
10	383	2
382	383	3
152	384	2
185	385	1
9	386	2
185	386	3
230	386	2
154	387	1
173	387	1
275	387	1
152	388	2
185	388	2
32	389	2
152	389	2
365	389	2
366	389	2
152	390	2
192	390	2
211	390	2
88	391	2
152	391	2
154	391	3
185	391	5
192	391	2
204	391	2
275	391	2
297	391	3
106	393	2
154	393	2
173	393	2
287	393	2
88	394	1
152	394	7
269	394	2
276	394	1
390	394	2
391	394	2
185	395	1
387	395	1
262	396	2
371	397	2
146	398	2
232	399	1
154	400	2
173	400	2
290	400	2
297	400	2
101	401	2
154	401	2
172	401	2
291	401	2
297	401	2
366	402	2
144	403	2
161	403	1
185	403	1
163	404	1
49	405	2
226	405	2
227	405	2
243	406	1
405	406	2
1	407	1
9	407	5
10	407	4
13	407	2
32	407	2
57	407	2
59	407	2
61	407	2
62	407	4
69	407	2
73	407	6
91	407	1
94	407	1
96	407	2
107	407	4
109	407	1
121	407	2
124	407	1
125	407	2
132	407	2
135	407	2
142	407	2
143	407	4
144	407	32
145	407	2
146	407	36
152	407	4
153	407	3
154	407	4
175	407	5
183	407	6
184	407	2
187	407	2
198	407	2
199	407	2
204	407	14
206	407	2
207	407	5
216	407	2
226	407	2
228	407	4
229	407	4
244	407	3
265	407	2
268	407	2
272	407	1
282	407	1
315	407	1
339	407	2
341	407	2
345	407	2
348	407	2
359	407	2
363	407	2
367	407	1
369	407	1
375	407	3
380	407	1
382	407	4
383	407	2
386	407	2
197	408	2
214	408	2
226	408	2
297	408	1
316	408	1
185	409	1
237	409	1
333	409	1
368	409	1
185	410	1
186	410	1
370	410	1
92	411	2
148	411	1
185	411	5
237	411	2
300	411	2
333	411	2
145	412	2
146	412	2
185	412	2
227	412	2
146	413	2
173	413	2
263	413	1
289	413	2
412	413	2
152	414	1
144	415	2
185	415	2
210	415	2
407	415	2
90	416	2
109	416	1
146	416	2
407	416	3
185	417	1
145	418	1
146	418	1
185	418	1
175	419	2
185	419	2
152	420	2
227	420	2
281	420	2
152	421	2
297	421	2
407	421	2
186	422	1
232	422	1
146	423	2
232	424	1
423	424	2
54	425	1
72	425	1
135	425	1
145	425	11
149	425	3
154	425	4
172	425	2
174	425	2
175	425	2
195	425	2
199	425	2
204	425	4
221	425	2
237	425	2
242	425	4
244	425	4
277	425	1
280	425	1
334	425	1
345	425	1
346	425	1
348	425	1
357	425	1
365	425	2
382	425	2
406	425	2
407	425	2
412	425	2
419	425	2
98	426	2
118	426	2
144	426	4
170	426	2
185	426	6
188	426	1
192	426	9
201	426	1
202	426	1
207	426	1
211	426	2
219	426	5
230	426	5
270	426	2
303	426	2
315	426	4
360	426	2
375	426	2
381	426	4
394	426	2
408	426	2
416	426	2
5	427	2
107	427	2
185	428	2
237	428	1
322	428	1
333	428	1
146	429	2
144	430	2
166	430	2
185	430	3
299	430	1
385	430	1
386	430	1
109	431	2
144	431	2
146	431	2
229	431	2
55	432	1
122	432	2
224	432	1
263	433	1
173	434	1
175	434	1
226	434	2
227	434	2
229	434	2
388	434	2
407	434	1
113	435	2
204	435	2
226	435	2
227	435	2
434	435	4
154	436	2
175	436	1
183	436	1
276	436	1
434	436	1
146	437	2
302	437	2
313	437	1
314	437	1
425	437	2
266	438	1
294	438	1
411	438	2
426	438	1
300	439	2
411	439	4
127	440	2
144	440	2
407	440	2
202	441	1
438	441	1
185	442	3
237	442	1
333	442	1
411	442	5
144	443	2
146	443	2
235	443	1
407	443	2
73	444	2
228	444	2
229	444	2
51	445	1
68	445	1
185	445	1
311	445	1
50	446	1
185	446	1
136	447	1
185	448	1
228	448	2
229	448	2
230	448	1
318	448	1
341	448	2
407	448	3
146	450	1
185	450	1
317	450	1
407	450	1
112	451	2
185	451	2
208	451	2
184	452	4
18	19	1
29	89	2
96	97	2
58	144	1
35	146	2
144	151	3
148	153	3
77	154	1
102	154	2
152	154	3
146	158	2
158	169	2
115	170	2
15	175	2
176	179	1
60	185	1
71	185	1
81	185	1
90	185	2
148	185	1
165	185	2
185	189	1
185	196	1
121	197	2
183	197	2
146	199	2
195	199	2
30	211	2
185	215	1
192	219	3
5	221	1
29	226	2
88	226	4
105	226	2
217	226	2
0	227	2
116	227	2
154	227	2
81	228	1
82	228	1
88	228	3
129	228	2
182	228	2
44	229	2
81	229	1
108	229	2
206	229	2
217	229	2
87	230	4
111	230	1
229	232	3
5	242	4
207	244	1
237	256	1
146	258	1
155	271	1
144	284	2
173	286	2
172	287	2
226	294	2
266	294	1
102	297	2
298	299	5
175	301	2
92	302	2
185	304	1
146	324	2
329	330	2
144	334	2
333	334	1
172	336	2
185	340	1
73	341	2
270	342	2
185	345	3
344	345	2
5	349	4
14	351	2
107	359	2
350	365	2
333	368	1
226	373	3
227	373	3
370	375	1
376	378	1
214	381	2
385	386	3
172	387	1
342	387	1
88	388	2
229	388	1
269	390	2
31	391	2
172	393	2
204	396	2
304	399	1
146	403	2
2	407	1
65	407	1
127	407	2
185	407	20
219	407	2
294	407	2
389	407	2
322	411	1
220	415	2
156	416	2
76	421	2
226	421	2
146	424	2
52	425	2
134	425	10
150	425	1
182	425	3
284	425	1
37	426	2
152	426	6
361	426	2
229	435	2
185	438	5
92	442	2
128	444	2
