5	6	2
8	11	1
15	16	1
16	17	1
37	43	2
52	53	1
61	62	2
68	70	1
50	71	1
40	78	2
77	78	1
80	82	1
12	88	2
85	88	2
88	89	2
6	98	2
84	100	1
45	103	2
88	108	2
85	120	2
55	122	1
59	123	2
111	129	2
125	132	2
130	134	2
138	140	2
3	144	2
6	144	2
36	144	4
59	144	2
67	144	4
69	144	2
92	144	2
134	145	3
144	145	9
13	146	2
36	146	4
52	146	1
53	146	1
57	146	2
91	146	1
109	146	2
127	146	2
144	146	114
146	148	4
52	149	2
146	151	3
12	152	1
32	152	2
88	152	3
144	152	4
52	153	2
146	153	5
41	154	2
44	154	2
74	154	1
146	154	5
144	157	4
144	158	4
145	158	2
156	158	4
157	158	4
144	161	1
158	163	2
159	163	2
139	167	2
152	167	2
156	168	2
88	170	2
95	171	1
77	172	1
78	172	1
117	172	2
146	172	2
152	172	1
39	173	2
11	175	2
144	175	6
134	182	2
144	182	2
175	182	2
136	183	1
145	183	2
146	183	2
144	184	2
146	184	2
1	185	1
4	185	2
12	185	1
26	185	2
30	185	2
39	185	4
63	185	2
75	185	4
78	185	2
79	185	1
87	185	7
88	185	4
91	185	1
97	185	2
110	185	3
115	185	2
116	185	4
134	185	1
144	185	5
146	185	8
160	185	4
161	185	1
173	185	2
182	185	2
183	185	2
184	186	1
145	187	1
175	187	2
185	187	4
98	192	2
185	193	1
144	197	4
185	197	2
185	200	2
13	201	1
185	201	4
185	202	1
185	203	2
61	204	2
115	204	2
134	204	1
197	204	4
0	206	2
185	206	4
204	206	4
205	206	2
145	207	3
197	207	2
127	209	2
87	210	1
185	210	2
198	210	4
204	211	2
203	212	2
127	215	2
88	216	2
185	216	2
95	219	1
126	219	2
154	219	2
185	219	10
200	219	1
209	219	1
203	221	2
88	222	2
192	223	2
122	224	1
186	225	1
5	226	2
26	226	2
28	226	2
45	226	2
64	226	2
67	226	2
101	226	2
103	226	2
106	226	2
107	226	2
108	226	2
115	226	2
120	226	4
152	226	5
198	226	2
204	226	5
206	226	2
23	227	2
26	227	2
48	227	4
85	227	2
101	227	2
102	227	2
106	227	2
152	227	5
187	227	1
190	227	2
198	227	2
206	227	2
210	227	2
38	228	2
43	228	2
80	228	1
95	228	1
108	228	2
121	228	2
139	228	2
152	228	3
177	228	1
180	228	1
35	229	2
67	229	2
79	229	1
95	229	1
139	229	2
140	229	2
187	229	2
145	230	1
146	230	5
158	230	2
187	230	3
196	230	1
200	230	1
202	230	1
207	230	3
137	231	4
217	231	4
79	232	1
80	232	1
81	232	1
83	232	1
152	232	2
185	232	6
232	233	1
144	235	2
146	235	2
146	236	2
2	237	2
162	237	2
227	238	2
3	240	2
238	241	2
3	242	2
162	242	2
185	242	2
238	242	2
153	244	3
182	245	1
187	245	1
226	245	1
227	245	1
146	247	2
11	248	1
237	248	1
134	249	1
185	251	1
185	252	1
250	254	1
252	254	1
253	254	1
185	255	1
144	257	1
160	258	2
112	261	2
204	262	2
230	262	2
154	266	1
201	266	1
219	266	1
204	268	2
154	269	1
152	270	2
81	271	1
209	271	2
79	272	1
146	272	1
127	274	2
154	275	1
100	277	1
185	278	4
226	281	2
227	281	2
232	281	2
282	283	1
93	284	2
150	284	1
172	284	2
173	284	2
45	287	2
185	287	2
172	288	2
279	288	2
47	289	2
172	289	2
185	289	2
46	290	2
172	290	2
25	291	2
226	292	4
227	292	4
185	293	1
160	294	2
183	294	2
185	294	6
227	294	2
114	295	2
44	296	2
76	297	2
103	297	2
104	297	2
105	297	2
106	297	2
154	297	31
214	297	2
266	297	1
296	297	4
10	298	2
185	298	1
146	299	2
209	299	2
185	301	2
144	302	2
249	303	1
102	308	2
173	308	2
182	309	1
183	309	1
144	310	2
185	310	2
197	310	2
199	310	2
230	310	1
260	310	2
51	311	2
185	311	4
185	312	1
185	314	1
313	314	1
303	315	2
146	317	1
230	317	1
146	319	4
148	322	1
144	324	2
146	326	2
144	328	4
146	328	4
185	330	2
142	331	2
144	331	3
144	332	2
185	334	2
144	335	2
333	335	2
334	335	1
297	336	2
230	338	1
337	340	1
144	341	1
230	343	2
185	346	2
204	348	2
280	348	1
7	351	2
17	351	1
22	351	2
19	353	2
256	354	1
351	354	1
351	355	1
352	355	1
226	356	2
292	356	2
185	362	1
204	363	2
123	364	2
172	364	1
194	364	2
195	364	2
197	364	1
214	364	2
230	364	1
301	364	2
144	367	1
146	370	1
186	370	1
146	372	2
284	372	3
311	372	1
173	373	2
284	374	2
372	374	1
144	375	3
185	375	3
192	375	2
225	375	1
292	375	4
237	377	1
242	377	1
242	378	1
185	380	1
226	380	2
232	380	1
232	381	1
375	381	2
134	382	2
382	383	3
119	384	2
9	386	2
185	386	3
275	387	1
226	388	1
146	389	2
350	389	2
192	390	2
211	390	2
185	391	5
223	391	4
161	392	1
106	393	2
173	393	2
297	393	2
152	394	7
269	394	2
275	394	2
173	395	1
387	395	1
230	396	2
371	397	2
105	400	2
172	401	2
366	402	2
389	402	2
161	403	1
185	403	1
163	404	1
226	405	2
152	406	1
9	407	5
10	407	4
96	407	2
107	407	4
121	407	2
143	407	4
156	407	2
175	407	5
197	407	6
201	407	1
207	407	5
230	407	5
244	407	3
268	407	2
299	407	4
315	407	1
345	407	2
348	407	2
367	407	1
369	407	1
370	407	1
382	407	4
88	408	2
154	408	1
407	408	2
92	411	2
145	412	2
185	412	2
172	413	2
263	413	1
412	413	2
152	414	1
407	415	2
90	416	2
185	416	4
265	416	1
380	417	1
407	417	1
145	418	1
146	418	1
227	420	2
315	420	2
146	421	2
152	421	2
297	421	2
305	421	2
144	423	2
144	424	2
423	424	2
5	425	2
118	425	1
123	425	2
154	425	4
162	425	2
197	425	4
207	425	4
245	425	1
277	425	1
280	425	1
348	425	1
382	425	2
406	425	2
419	425	2
87	426	2
144	426	4
188	426	1
202	426	1
204	426	1
207	426	1
303	426	2
315	426	4
107	427	2
185	428	2
322	428	1
144	429	2
146	429	2
386	430	1
109	431	2
146	431	2
171	433	1
172	433	1
154	434	1
227	434	2
228	434	2
364	434	1
388	434	2
407	434	1
185	435	4
227	435	2
175	436	1
342	436	1
185	437	1
230	438	2
426	438	1
300	439	2
411	439	4
127	440	2
146	440	2
438	441	1
185	442	3
333	442	1
146	443	2
407	443	2
73	444	2
229	444	2
443	444	2
51	445	1
68	445	1
136	447	1
185	447	1
9	448	1
185	448	1
318	448	1
407	448	3
194	449	3
144	450	1
146	450	1
243	450	1
407	450	1
112	451	2
185	451	2
230	451	2
18	19	1
144	151	3
148	153	3
77	154	1
146	158	2
158	169	2
78	173	1
136	185	2
181	185	2
185	189	1
185	196	1
192	219	3
105	226	2
99	227	1
79	228	1
81	228	1
88	228	3
182	228	2
81	229	1
217	229	2
87	230	4
153	230	2
229	232	3
5	242	4
237	256	1
144	284	2
201	294	1
266	294	1
298	299	5
175	301	2
134	303	1
185	304	1
297	308	2
185	313	2
265	315	1
333	334	1
270	342	2
204	346	1
333	368	1
226	373	3
284	373	7
385	386	3
172	387	1
342	387	1
88	388	2
227	388	1
269	390	2
172	400	2
127	407	2
185	407	20
322	411	1
220	415	2
154	421	4
226	421	2
186	424	1
134	425	10
150	425	1
153	425	4
294	425	2
229	435	2
185	438	5
230	441	2
448	450	1
