5	6	2
7	14	1
15	16	1
27	30	2
35	36	2
26	38	4
27	43	4
41	48	2
52	53	1
5	60	1
56	60	1
63	64	2
68	70	1
28	75	2
79	80	1
80	82	1
81	83	1
82	83	1
81	84	1
12	88	2
85	88	2
88	89	2
6	98	2
24	102	2
45	103	2
25	104	2
46	106	2
5	107	4
67	108	4
88	115	2
39	116	2
115	116	2
100	118	1
114	119	2
61	124	1
123	127	2
126	127	4
123	130	2
123	131	2
125	132	2
123	134	2
138	141	2
126	142	2
35	144	2
36	144	4
53	144	1
57	144	2
59	144	2
61	144	2
62	144	4
67	144	4
92	144	2
121	144	2
127	144	2
142	144	2
72	145	2
91	145	1
125	145	2
132	145	2
144	145	9
6	146	2
13	146	2
32	146	4
52	146	1
57	146	2
58	146	1
61	146	2
62	146	4
69	146	2
109	146	2
124	146	1
125	146	2
127	146	2
132	146	2
142	146	2
4	147	2
144	148	4
146	148	4
52	149	2
54	149	1
93	149	2
93	151	2
148	151	2
149	151	2
29	152	2
37	152	2
48	152	2
57	152	2
58	152	2
95	152	1
110	152	1
144	152	4
52	153	2
144	153	5
146	153	5
149	153	3
31	154	2
41	154	2
48	154	2
95	154	1
103	154	2
104	154	2
105	154	2
106	154	2
145	154	4
5	156	4
120	156	2
144	157	4
5	158	4
144	158	4
144	161	1
146	161	1
144	163	2
145	163	1
158	163	2
161	163	1
88	164	2
5	166	2
144	166	2
145	166	1
146	166	3
139	167	2
166	167	2
5	168	4
156	168	2
158	168	2
167	169	2
168	169	2
95	171	1
146	172	2
152	172	1
39	173	2
77	173	1
117	173	2
152	173	1
171	173	1
146	174	4
172	174	2
145	175	2
177	178	2
8	181	2
11	181	2
15	181	2
16	181	2
17	181	3
175	181	6
145	182	1
146	182	3
175	182	2
136	183	1
145	183	2
154	183	3
146	184	2
2	185	1
4	185	2
25	185	2
39	185	4
40	185	2
42	185	3
46	185	2
47	185	2
51	185	2
56	185	1
65	185	1
66	185	1
70	185	3
78	185	2
80	185	1
83	185	1
93	185	1
96	185	2
99	185	2
111	185	3
112	185	4
116	185	4
117	185	2
127	185	2
131	185	2
134	185	1
135	185	1
139	185	2
140	185	1
143	185	2
145	185	6
154	185	9
160	185	4
172	185	2
175	185	2
183	185	2
185	186	3
175	187	2
182	187	2
183	187	2
185	187	4
110	189	1
88	192	2
98	192	2
146	195	2
145	196	2
146	196	2
57	197	2
59	197	2
88	197	2
175	197	2
187	197	2
195	197	2
196	197	3
87	200	1
185	200	2
146	201	1
185	201	4
200	201	1
12	204	2
13	204	1
69	204	1
88	204	25
108	204	2
115	204	2
124	204	1
134	204	1
135	204	1
136	204	1
144	204	16
146	204	19
170	204	2
183	204	2
197	204	4
201	204	1
144	205	2
0	206	2
88	206	2
185	206	4
204	206	4
88	207	1
144	207	5
153	207	1
196	207	2
197	207	2
133	209	2
185	209	3
200	209	1
88	211	2
204	211	2
185	212	2
154	214	2
146	215	1
209	215	2
88	216	2
152	216	1
185	216	2
185	218	1
193	218	1
5	219	1
95	219	1
126	219	2
154	219	2
200	219	1
201	219	1
87	220	2
60	221	1
219	221	1
204	222	2
192	223	2
204	223	2
122	224	1
186	225	1
0	226	2
5	226	2
6	226	2
23	226	2
26	226	2
27	226	2
41	226	2
46	226	2
64	226	2
67	226	2
76	226	2
85	226	2
86	226	1
101	226	2
102	226	2
103	226	2
104	226	2
107	226	2
108	226	2
115	226	2
185	226	15
187	226	1
190	226	2
198	226	2
207	226	1
24	227	2
25	227	2
26	227	2
27	227	2
29	227	2
38	227	2
45	227	2
46	227	2
47	227	2
63	227	4
67	227	2
76	227	2
85	227	2
88	227	4
98	227	2
101	227	2
104	227	2
105	227	2
106	227	2
115	227	2
120	227	4
152	227	5
185	227	15
187	227	1
198	227	2
206	227	2
210	227	2
214	227	2
226	227	73
35	228	2
44	228	2
67	228	2
83	228	1
95	228	1
97	228	2
127	228	2
128	228	2
140	228	2
141	228	2
142	228	2
177	228	1
198	228	4
204	228	2
205	228	2
206	228	2
0	229	2
26	229	2
27	229	2
79	229	1
82	229	1
83	229	1
88	229	3
95	229	1
128	229	2
139	229	2
152	229	3
159	229	2
163	229	2
171	229	1
185	229	8
187	229	2
204	229	2
205	229	2
228	229	48
12	230	1
88	230	4
144	230	5
146	230	5
158	230	2
160	230	2
187	230	3
189	230	1
196	230	1
197	230	2
204	230	9
207	230	3
208	230	2
220	230	2
227	230	2
228	230	4
229	230	4
217	231	4
79	232	1
80	232	1
81	232	1
83	232	1
84	232	1
119	232	2
152	232	2
185	232	6
203	232	2
221	232	2
184	233	1
144	234	3
144	235	2
146	235	2
144	236	2
146	236	2
234	236	2
2	237	2
146	237	4
162	237	2
185	237	3
226	238	2
3	240	2
238	241	2
2	242	2
6	242	2
226	242	2
162	244	2
204	244	1
242	244	4
146	245	1
226	245	1
245	246	1
61	247	1
127	247	1
135	247	2
144	247	2
11	248	1
175	248	1
239	248	1
134	249	1
185	251	1
251	252	1
185	254	2
250	254	1
253	254	1
146	257	1
144	258	1
160	258	2
185	259	1
193	259	1
49	260	2
185	260	2
197	260	2
112	261	2
230	262	2
154	263	1
152	264	1
109	265	1
201	266	1
219	266	1
204	268	2
77	269	1
152	269	2
154	269	1
154	270	2
82	271	1
185	271	2
209	271	2
81	272	1
82	272	1
83	272	1
146	272	1
185	272	1
215	272	1
55	273	1
122	273	2
224	273	1
126	274	2
154	279	2
72	280	1
204	281	2
226	281	2
185	282	1
185	283	1
93	284	2
150	284	1
151	284	2
173	284	2
227	284	3
228	284	2
229	284	2
152	285	1
172	285	3
173	285	3
185	285	2
23	286	2
185	286	2
185	287	2
172	288	2
172	289	2
173	289	2
185	289	2
46	290	2
172	290	2
185	292	3
226	292	4
227	292	4
229	292	1
160	294	2
227	294	2
228	294	1
293	294	1
114	295	2
31	297	2
44	297	2
76	297	2
101	297	2
103	297	2
105	297	2
145	297	2
146	297	2
270	297	2
294	297	4
10	298	2
134	298	2
145	298	2
9	299	2
145	299	2
146	299	2
230	299	2
271	299	2
197	301	2
144	302	2
204	303	1
207	303	1
230	303	1
232	304	1
144	305	4
246	306	1
185	307	1
154	308	2
182	309	1
185	309	1
152	310	2
199	310	2
216	310	2
230	310	1
260	310	2
68	311	2
185	312	1
255	312	1
255	313	1
185	314	1
313	314	1
207	315	1
146	317	1
185	317	1
185	318	1
230	318	1
144	319	4
146	320	2
319	320	2
144	322	5
148	322	1
185	322	1
185	323	1
230	323	1
322	323	1
144	324	2
322	324	2
146	325	4
144	326	2
146	326	2
325	326	2
325	327	2
176	329	2
185	329	2
144	331	3
328	331	2
144	332	2
237	333	3
126	334	2
142	334	2
146	334	2
323	334	1
185	335	1
333	335	2
334	335	1
286	336	2
185	337	1
73	339	2
230	340	1
146	341	1
185	341	1
230	341	1
338	341	1
77	342	1
154	342	5
276	342	1
126	343	2
230	343	2
274	343	2
183	346	1
345	346	1
72	347	2
145	347	2
146	347	2
344	347	2
72	348	1
146	348	2
204	348	2
280	348	1
157	349	2
7	351	2
18	351	2
21	351	2
153	351	1
7	352	2
22	352	1
351	352	3
17	353	1
20	353	2
21	353	2
22	353	1
148	354	1
153	354	1
239	354	1
243	354	1
351	354	1
14	355	1
351	355	1
352	355	1
292	356	2
50	358	2
185	358	2
5	359	2
165	361	1
188	361	1
360	361	2
225	362	1
144	363	2
114	364	2
185	364	7
194	364	2
195	364	2
230	364	1
301	364	2
144	367	1
154	367	1
144	369	1
152	369	1
285	369	1
367	369	1
33	370	2
165	370	2
185	370	3
70	372	1
146	372	2
185	372	2
311	372	1
5	373	4
185	374	2
127	375	2
135	375	2
186	375	1
219	375	2
225	375	1
232	375	1
247	375	2
237	377	1
237	378	1
242	378	1
344	379	2
347	379	2
185	380	1
227	380	2
232	380	1
170	381	2
185	381	1
232	381	1
297	381	2
375	381	2
73	382	2
182	382	2
339	382	2
185	383	1
382	383	3
119	384	2
152	384	2
281	384	2
185	385	1
9	386	2
185	386	3
230	386	2
299	386	2
173	387	1
185	388	2
226	388	1
228	388	1
381	388	2
144	389	2
146	389	2
152	389	2
365	389	2
366	389	2
152	390	2
211	390	2
88	391	2
154	391	3
185	391	5
275	391	2
106	393	2
154	393	2
287	393	2
297	393	2
152	394	7
270	394	2
275	394	2
276	394	1
173	395	1
387	395	1
34	398	2
144	398	2
154	400	2
173	400	2
290	400	2
297	400	2
154	401	2
172	401	2
297	401	2
389	402	2
3	403	2
144	403	2
161	403	1
392	403	1
144	404	1
145	404	1
163	404	1
134	405	2
134	406	2
243	406	1
1	407	1
5	407	4
13	407	2
61	407	2
62	407	4
69	407	2
73	407	6
96	407	2
107	407	4
109	407	1
121	407	2
124	407	1
135	407	2
144	407	32
152	407	4
153	407	3
183	407	6
187	407	2
197	407	6
199	407	2
201	407	1
204	407	14
205	407	2
215	407	1
216	407	2
226	407	2
229	407	4
272	407	1
298	407	4
299	407	4
305	407	4
341	407	2
359	407	2
367	407	1
369	407	1
370	407	1
375	407	3
382	407	4
383	407	2
385	407	2
398	407	2
197	408	2
204	408	2
227	408	2
305	408	2
316	408	1
407	408	2
185	409	1
185	410	1
237	411	2
333	411	2
63	412	2
145	412	2
146	412	2
185	412	2
226	412	2
95	413	1
146	413	2
172	413	2
173	413	2
219	413	1
289	413	2
152	414	1
264	414	1
144	415	2
185	415	2
210	415	2
407	415	2
109	416	1
143	416	2
185	416	4
265	416	1
185	417	1
152	420	2
281	420	2
144	421	2
227	421	2
305	421	2
398	421	2
407	421	2
232	422	1
144	423	2
146	423	2
232	424	1
423	424	2
54	425	1
72	425	1
118	425	1
130	425	2
149	425	3
172	425	2
175	425	2
197	425	4
199	425	2
207	425	4
221	425	2
232	425	2
237	425	2
244	425	4
245	425	1
249	425	1
303	425	1
334	425	1
345	425	1
348	425	1
389	425	2
405	425	2
407	425	2
412	425	2
419	425	2
98	426	2
144	426	4
146	426	4
165	426	1
170	426	2
188	426	1
219	426	5
230	426	5
303	426	2
360	426	2
394	426	2
408	426	2
416	426	2
5	427	2
107	427	2
407	427	2
333	428	1
411	428	2
144	429	2
146	429	2
174	429	2
144	430	2
185	430	3
298	430	1
383	430	1
386	430	1
97	431	2
144	431	2
228	431	2
224	432	1
273	432	2
154	433	1
171	433	1
172	433	1
226	434	2
381	434	2
204	435	2
226	435	2
227	435	2
228	435	2
434	435	4
183	436	1
342	436	1
302	437	2
314	437	1
425	437	2
219	438	1
230	438	2
294	438	1
411	438	2
185	439	2
411	439	4
438	439	2
127	440	2
204	440	2
201	441	1
202	441	1
438	441	1
185	442	3
237	442	1
333	442	1
411	442	5
438	442	2
439	442	4
235	443	1
331	443	1
407	443	2
229	444	2
407	444	2
68	445	1
185	445	1
311	445	1
50	446	1
185	446	1
136	447	1
185	447	1
9	448	1
129	448	2
185	448	1
341	448	2
194	449	3
144	450	1
112	451	2
208	451	2
184	452	4
17	18	1
65	66	1
13	144	2
35	146	2
135	146	2
145	146	19
144	151	3
148	153	3
77	154	1
102	154	2
79	155	1
33	165	2
78	173	1
144	174	2
8	175	2
0	185	2
60	185	1
74	185	3
90	185	2
148	185	1
181	185	2
185	189	1
121	197	2
146	199	2
195	199	2
153	204	1
30	211	2
204	212	2
5	221	1
29	226	2
217	226	2
0	227	2
116	227	2
154	227	2
79	228	1
82	228	1
182	228	2
44	229	2
81	229	1
141	229	2
206	229	2
217	229	2
111	230	1
186	232	5
225	232	1
5	240	2
5	242	4
227	242	2
152	243	1
237	256	1
153	284	1
24	288	2
145	294	2
298	299	5
146	302	4
134	303	1
265	315	1
146	324	2
146	327	2
329	330	2
333	334	1
185	340	1
73	341	2
270	342	2
185	344	2
185	345	3
5	349	4
14	351	2
107	359	2
146	363	2
350	365	2
173	369	1
226	373	3
228	373	2
370	375	1
376	378	1
186	381	1
214	381	2
232	384	4
172	387	1
342	387	1
227	388	1
31	391	2
204	396	2
172	400	2
127	407	2
185	407	20
219	407	2
294	407	2
220	415	2
156	416	2
226	421	2
146	424	2
186	424	1
284	425	1
335	425	1
37	426	2
382	430	1
173	433	1
229	435	2
92	442	2
73	443	2
448	450	1
