1	2	1
2	6	2
5	6	2
15	16	1
19	20	1
35	36	2
27	43	4
37	43	2
35	44	2
41	48	2
57	58	2
56	60	1
58	69	1
50	71	1
28	75	2
40	78	2
79	80	1
81	83	1
88	89	2
86	99	1
84	100	1
47	105	2
67	107	2
88	113	2
39	116	2
39	117	2
100	118	1
85	120	2
55	122	1
61	123	2
61	124	1
61	127	3
110	128	2
111	129	2
123	130	2
123	131	2
125	132	2
3	144	2
35	144	2
53	144	1
69	144	2
92	144	2
124	144	1
125	145	2
3	146	2
6	146	2
13	146	2
32	146	4
36	146	4
61	146	2
69	146	2
72	146	2
124	146	1
127	146	2
134	146	1
4	147	2
144	148	4
54	149	1
93	149	2
148	151	2
149	151	2
12	152	1
29	152	2
55	152	1
60	152	1
84	152	1
110	152	1
111	152	1
113	152	1
146	152	4
52	153	2
54	153	1
144	153	5
146	153	5
42	154	2
48	154	2
103	154	2
104	154	2
5	156	4
144	157	4
146	157	2
5	158	4
157	158	4
139	159	2
158	160	2
144	161	1
144	163	2
145	163	1
146	163	1
158	163	2
144	166	2
145	166	1
139	167	2
152	167	2
5	168	4
166	168	2
156	169	2
167	169	2
168	169	2
95	171	1
77	172	1
78	172	1
117	172	2
146	172	2
77	173	1
152	173	1
171	173	1
172	173	23
11	175	2
145	175	2
11	181	2
178	181	2
146	182	3
175	182	2
144	183	4
145	183	2
175	183	9
144	184	2
1	185	1
2	185	1
4	185	2
23	185	2
25	185	2
28	185	2
31	185	4
41	185	2
42	185	3
45	185	2
51	185	2
63	185	2
65	185	1
70	185	3
75	185	4
83	185	1
87	185	7
91	185	1
110	185	3
114	185	2
115	185	2
128	185	2
129	185	2
131	185	2
140	185	1
147	185	2
152	185	7
156	185	2
158	185	2
160	185	4
173	185	2
175	185	2
182	185	2
183	185	2
184	185	4
145	187	1
183	187	2
152	189	1
12	192	2
98	192	2
185	193	1
185	194	2
146	195	2
145	196	2
146	196	2
57	197	2
59	197	2
144	197	4
146	197	8
187	197	2
13	201	1
185	203	2
12	204	2
30	204	2
62	204	4
88	204	25
124	204	1
127	204	2
134	204	1
142	204	2
144	204	16
152	204	2
182	204	1
183	204	2
185	204	15
196	204	2
197	204	4
203	204	2
204	205	2
185	206	4
204	206	4
124	207	1
134	207	1
135	207	1
144	207	5
145	207	3
146	207	8
204	207	12
185	209	3
200	209	1
88	211	2
204	211	2
185	212	2
203	212	2
88	213	2
89	213	2
204	213	2
185	214	3
133	215	2
146	215	1
209	215	2
55	216	1
185	216	2
199	216	2
204	216	2
193	218	1
5	219	1
60	219	1
185	219	10
200	219	1
201	219	1
87	220	2
219	221	1
88	223	2
192	223	2
24	226	2
27	226	2
40	226	2
45	226	2
46	226	2
47	226	2
64	226	2
85	226	2
101	226	2
102	226	2
103	226	2
108	226	2
116	226	2
120	226	4
154	226	2
204	226	5
206	226	2
210	226	2
214	226	2
24	227	2
46	227	2
48	227	4
49	227	2
63	227	4
85	227	2
98	227	2
102	227	2
105	227	2
115	227	2
152	227	5
156	227	2
187	227	1
190	227	2
206	227	2
210	227	2
214	227	2
226	227	73
80	228	1
83	228	1
108	228	2
138	228	4
139	228	2
152	228	3
176	228	1
198	228	4
204	228	2
205	228	2
210	228	2
217	228	2
26	229	2
35	229	2
38	229	2
67	229	2
79	229	1
82	229	1
83	229	1
84	229	1
88	229	3
95	229	1
97	229	2
129	229	2
152	229	3
167	229	2
171	229	1
176	229	1
179	229	1
185	229	8
198	229	4
204	229	2
12	230	1
144	230	5
145	230	1
146	230	5
160	230	2
185	230	35
202	230	1
220	230	2
226	230	2
227	230	2
228	230	4
184	233	1
186	233	1
232	233	1
144	234	3
146	234	3
146	235	2
146	236	2
2	237	2
6	237	2
226	238	2
227	238	2
237	239	1
3	242	2
185	242	2
226	242	2
238	242	2
144	243	3
146	243	3
237	243	2
153	244	3
162	244	2
230	244	2
242	244	4
182	245	1
185	246	1
61	247	1
124	247	1
144	247	2
185	252	1
251	252	1
160	258	2
257	258	1
185	259	1
49	260	2
185	260	2
185	261	2
230	262	2
152	264	1
88	268	2
108	268	2
185	268	2
77	269	1
152	269	2
83	271	1
81	272	1
82	272	1
83	272	1
185	272	1
55	273	1
122	273	2
224	273	1
126	274	2
154	275	1
152	276	1
100	277	1
118	277	1
173	279	2
152	281	4
204	281	2
282	283	1
146	284	2
172	284	2
228	284	2
152	285	1
172	285	3
173	285	3
185	286	2
45	287	2
173	287	2
172	288	2
185	288	2
173	289	2
25	291	2
173	291	2
226	292	4
227	292	4
229	292	1
185	293	1
230	293	1
175	294	2
185	296	2
226	296	2
44	297	2
76	297	2
101	297	2
105	297	2
106	297	2
154	297	31
183	297	2
219	297	1
266	297	1
294	297	4
296	297	4
134	298	2
10	299	2
145	299	2
185	299	5
209	299	2
144	305	4
146	305	4
152	305	2
184	305	6
185	305	4
245	306	1
284	307	1
102	308	2
154	308	2
172	308	2
285	308	2
182	309	1
183	309	1
185	310	2
216	310	2
70	311	3
312	313	1
313	314	1
118	315	2
204	315	1
154	316	1
230	317	1
144	319	4
146	319	4
146	320	2
319	320	2
146	321	2
319	321	2
144	323	1
146	323	1
144	324	2
144	325	4
146	326	2
325	326	2
144	327	2
146	328	4
185	330	2
126	331	2
142	331	2
146	331	3
328	332	2
144	333	3
146	333	3
185	333	3
126	334	2
333	335	2
286	336	2
185	337	1
230	337	1
185	338	1
230	340	1
337	340	1
185	341	1
77	342	1
269	342	1
275	342	1
276	342	1
297	342	2
127	343	2
230	343	2
183	346	1
185	346	2
345	346	1
72	347	2
146	347	2
344	347	2
144	348	2
7	351	2
19	351	2
20	351	2
22	351	2
148	351	1
153	351	1
14	352	2
351	352	3
18	353	2
19	353	2
20	353	2
21	353	2
22	353	1
148	354	1
153	354	1
165	360	1
360	361	2
225	362	1
62	363	2
144	363	2
114	364	2
145	364	2
172	364	1
194	364	2
214	364	2
230	364	1
301	364	2
146	367	1
237	368	1
144	369	1
146	369	1
154	369	1
285	369	1
146	370	1
33	371	2
70	372	1
284	372	3
311	372	1
5	373	4
172	373	2
229	373	2
185	374	2
307	374	1
372	374	1
186	375	1
192	375	2
220	375	2
247	375	2
362	375	1
237	377	1
347	379	2
226	380	2
232	380	1
170	381	2
226	381	2
10	382	2
339	382	2
10	383	2
185	383	1
382	383	3
119	384	2
9	385	2
185	385	1
230	386	2
299	386	2
226	388	1
228	388	1
144	389	2
152	390	2
192	390	2
74	391	1
88	391	2
152	391	2
192	391	2
223	391	4
275	391	2
297	391	3
161	392	1
106	393	2
287	393	2
297	393	2
88	394	1
269	394	2
275	394	2
276	394	1
185	395	1
144	398	2
305	398	2
232	399	1
154	400	2
297	400	2
154	401	2
172	401	2
297	401	2
366	402	2
389	402	2
3	403	2
144	403	2
227	405	2
152	406	1
243	406	1
1	407	1
5	407	4
9	407	5
10	407	4
13	407	2
59	407	2
62	407	4
91	407	1
96	407	2
124	407	1
142	407	2
144	407	32
145	407	2
146	407	36
152	407	4
154	407	4
156	407	2
183	407	6
184	407	2
187	407	2
197	407	6
199	407	2
204	407	14
207	407	5
229	407	4
244	407	3
268	407	2
272	407	1
282	407	1
298	407	4
301	407	2
341	407	2
344	407	2
345	407	2
348	407	2
359	407	2
367	407	1
369	407	1
383	407	2
398	407	2
88	408	2
146	408	2
154	408	1
185	408	1
197	408	2
214	408	2
226	408	2
227	408	2
237	409	1
185	410	1
186	410	1
148	411	1
63	412	2
145	412	2
146	412	2
226	412	2
146	413	2
152	413	1
173	413	2
219	413	1
263	413	1
289	413	2
264	414	1
185	415	2
407	415	2
109	416	1
185	416	4
407	417	1
146	418	1
175	419	2
185	419	2
281	420	2
146	421	2
305	421	2
398	421	2
407	421	2
186	422	1
146	423	2
232	424	1
423	424	2
100	425	1
118	425	1
149	425	3
172	425	2
174	425	2
175	425	2
196	425	2
197	425	4
199	425	2
204	425	4
207	425	4
272	425	1
277	425	1
297	425	2
334	425	1
345	425	1
348	425	1
350	425	2
365	425	2
382	425	2
38	426	2
98	426	2
144	426	4
188	426	1
207	426	1
219	426	5
303	426	2
315	426	4
360	426	2
381	426	4
390	426	2
416	426	2
107	427	2
148	428	1
322	428	1
333	428	1
146	429	2
174	429	2
144	430	2
185	430	3
298	430	1
109	431	2
144	431	2
55	432	1
413	433	1
172	434	1
173	434	1
228	434	2
381	434	2
388	434	2
407	434	1
88	435	2
226	435	2
434	435	4
34	436	2
175	436	1
183	436	1
342	436	1
434	436	1
185	437	1
302	437	2
219	438	1
266	438	1
294	438	1
92	439	2
185	439	2
411	439	4
438	439	2
407	440	2
185	441	2
300	442	2
411	442	5
438	442	2
331	443	1
228	444	2
229	444	2
407	444	2
443	444	2
51	445	1
68	445	1
185	445	1
311	445	1
185	446	1
185	447	1
407	448	3
9	450	1
146	450	1
185	450	1
230	450	1
317	450	1
17	18	1
18	19	1
41	42	2
65	66	1
67	146	4
102	154	2
79	155	1
146	158	2
33	165	2
158	169	2
115	170	2
176	179	1
177	180	1
0	185	2
60	185	1
71	185	1
136	185	2
148	185	1
165	185	2
185	189	1
121	197	2
64	227	2
99	227	1
81	228	1
81	229	1
108	229	2
186	232	5
185	253	1
237	256	1
146	258	1
230	274	2
190	285	2
172	287	2
24	288	2
173	290	2
191	292	2
201	294	1
144	299	2
92	302	2
185	304	1
185	313	2
151	317	1
146	324	2
144	334	2
172	336	2
73	341	2
270	342	2
204	346	1
5	349	4
14	351	2
146	363	2
226	373	3
232	384	4
269	390	2
31	391	2
185	407	20
219	407	2
260	407	2
322	411	1
156	416	2
76	421	2
154	421	4
186	424	1
52	425	2
134	425	10
284	425	1
37	426	2
152	426	6
361	426	2
229	435	2
73	443	2
