1	2	1
5	6	2
8	11	1
19	20	1
27	30	2
41	48	2
52	53	1
57	58	2
57	59	2
5	60	1
61	62	2
63	64	2
6	67	2
68	70	1
28	75	2
40	78	2
77	78	1
80	82	1
81	83	1
82	83	1
88	89	2
6	98	2
23	101	2
45	103	2
25	104	2
47	105	2
67	107	2
88	108	2
88	113	2
88	115	2
114	119	2
85	120	2
59	123	2
123	127	2
126	127	4
110	128	2
111	129	2
123	130	2
123	131	2
127	131	2
125	132	2
127	133	2
130	134	2
138	140	2
138	141	2
126	142	2
96	143	2
3	144	2
6	144	2
36	144	4
53	144	1
59	144	2
69	144	2
107	144	2
109	144	2
124	144	1
127	144	2
142	144	2
72	145	2
132	145	2
144	145	9
3	146	2
6	146	2
13	146	2
59	146	2
61	146	2
62	146	4
91	146	1
121	146	2
127	146	2
4	147	2
144	148	4
146	148	4
54	149	1
93	149	2
146	151	3
148	151	2
12	152	1
32	152	2
37	152	2
38	152	2
55	152	1
56	152	1
57	152	2
58	152	2
84	152	1
86	152	1
87	152	2
88	152	3
89	152	3
95	152	1
100	152	1
110	152	1
113	152	1
144	152	4
146	152	4
54	153	1
144	153	5
146	153	5
31	154	2
44	154	2
76	154	2
101	154	2
103	154	2
144	154	1
145	154	4
5	156	4
120	156	2
143	156	2
146	157	2
144	158	4
145	158	2
139	159	2
144	161	1
146	161	1
65	163	2
144	163	2
85	164	2
88	164	2
5	166	2
144	166	2
145	166	1
139	167	2
152	167	2
166	167	2
5	168	4
166	168	2
5	169	4
156	169	2
166	169	2
88	170	2
95	171	1
39	172	2
78	172	1
117	172	2
146	172	2
152	172	1
171	172	1
39	173	2
117	173	2
146	174	4
11	175	2
16	175	2
146	175	4
154	175	3
16	181	2
134	182	2
144	182	2
145	182	1
146	182	3
175	182	2
144	183	4
146	184	2
1	185	1
2	185	1
4	185	2
24	185	2
26	185	2
31	185	4
33	185	2
39	185	4
40	185	2
42	185	3
44	185	2
45	185	2
50	185	2
65	185	1
68	185	2
69	185	1
70	185	3
75	185	4
78	185	2
79	185	1
80	185	1
83	185	1
84	185	1
88	185	4
94	185	1
99	185	2
114	185	2
124	185	1
127	185	2
129	185	2
135	185	1
139	185	2
140	185	1
145	185	6
154	185	9
156	185	2
158	185	2
159	185	2
161	185	1
172	185	2
173	185	2
175	185	2
182	185	2
183	185	2
184	186	1
183	187	2
185	187	4
110	189	1
185	190	2
98	192	2
185	193	1
185	194	2
194	195	2
57	197	2
59	197	2
146	197	8
185	197	2
195	197	2
145	199	2
197	199	2
13	201	1
146	201	1
185	201	4
185	202	1
185	203	2
12	204	2
61	204	2
62	204	4
113	204	3
115	204	2
127	204	2
134	204	1
135	204	1
136	204	1
145	204	3
146	204	19
152	204	2
170	204	2
185	204	15
192	204	2
196	204	2
201	204	1
203	204	2
146	205	2
204	205	2
88	206	2
185	206	4
205	206	2
88	207	1
134	207	1
145	207	3
153	207	1
185	207	5
197	207	2
204	207	12
127	209	2
146	210	2
185	210	2
88	211	2
192	211	2
89	213	2
154	214	2
199	216	2
206	216	2
185	218	1
193	218	1
98	219	2
127	219	3
152	219	1
200	219	1
201	219	1
209	219	1
185	220	6
203	221	2
88	222	2
204	222	2
88	223	2
192	223	2
186	225	1
6	226	2
23	226	2
24	226	2
26	226	2
27	226	2
38	226	2
40	226	2
41	226	2
46	226	2
64	226	2
76	226	2
85	226	2
98	226	2
102	226	2
103	226	2
104	226	2
106	226	2
116	226	2
120	226	4
185	226	15
190	226	2
206	226	2
207	226	1
210	226	2
214	226	2
6	227	2
24	227	2
27	227	2
28	227	2
29	227	2
40	227	2
43	227	2
45	227	2
49	227	2
76	227	2
85	227	2
101	227	2
103	227	2
104	227	2
105	227	2
120	227	4
152	227	5
185	227	15
187	227	1
214	227	2
217	227	2
0	228	2
35	228	2
43	228	2
67	228	2
80	228	1
95	228	1
97	228	2
108	228	2
121	228	2
127	228	2
139	228	2
141	228	2
152	228	3
167	228	2
171	228	1
176	228	1
179	228	1
180	228	1
185	228	8
187	228	2
198	228	4
204	228	2
205	228	2
217	228	2
0	229	2
43	229	2
79	229	1
84	229	1
88	229	3
97	229	2
121	229	2
128	229	2
129	229	2
139	229	2
152	229	3
159	229	2
176	229	1
182	229	2
185	229	8
204	229	2
205	229	2
210	229	2
12	230	1
126	230	2
127	230	2
145	230	1
146	230	5
152	230	3
158	230	2
160	230	2
182	230	2
187	230	3
189	230	1
200	230	1
201	230	3
204	230	9
207	230	3
208	230	2
210	230	1
219	230	2
226	230	2
227	230	2
229	230	4
137	231	4
217	231	4
79	232	1
82	232	1
83	232	1
84	232	1
119	232	2
152	232	2
184	232	1
185	232	6
221	232	2
184	233	1
232	233	1
146	234	3
144	235	2
146	235	2
234	235	1
146	236	2
234	236	2
6	237	2
146	237	4
162	237	2
226	238	2
227	238	2
3	240	2
238	241	2
2	242	2
3	242	2
162	242	2
185	242	2
226	242	2
238	242	2
144	243	3
144	244	5
162	244	2
204	244	1
230	244	2
242	244	4
145	245	1
182	245	1
207	245	1
227	245	1
61	247	1
127	247	1
135	247	2
144	247	2
146	247	2
181	248	1
237	248	1
239	248	1
56	249	2
134	249	1
250	253	1
185	254	2
251	254	1
252	254	1
253	254	1
185	255	1
193	259	1
49	260	2
185	260	2
197	260	2
185	261	2
204	262	2
152	264	1
109	265	1
201	266	1
219	266	1
88	267	2
88	268	2
108	268	2
77	269	1
154	270	2
80	271	1
81	271	1
209	271	2
81	272	1
83	272	1
146	272	1
155	272	1
215	272	1
271	272	3
126	274	2
127	274	2
152	275	2
88	276	1
152	276	1
154	276	1
104	279	2
173	279	2
152	281	4
204	281	2
232	281	2
185	283	1
93	284	2
150	284	1
172	284	2
173	284	2
185	284	2
185	285	2
185	287	2
172	288	2
279	288	2
172	290	2
25	291	2
172	291	2
220	292	2
227	292	4
229	292	1
185	293	1
230	293	1
154	294	4
228	294	1
258	294	2
185	295	2
44	296	2
154	296	4
185	296	2
226	296	2
227	296	2
76	297	2
101	297	2
103	297	2
105	297	2
106	297	2
175	297	2
183	297	2
266	297	1
270	297	2
10	298	2
145	298	2
185	298	1
9	299	2
185	299	5
209	299	2
92	300	2
145	301	2
183	301	2
185	301	2
187	301	2
197	301	2
144	302	2
204	303	1
249	303	1
232	304	1
152	305	2
184	305	6
185	306	1
245	306	1
284	307	1
183	309	1
144	310	2
146	310	2
152	310	2
199	310	2
51	311	2
68	311	2
185	311	4
185	312	1
255	313	1
312	313	1
313	314	1
204	315	1
207	315	1
230	315	1
303	315	2
144	317	1
230	317	1
185	318	1
144	319	4
146	319	4
144	320	2
146	320	2
319	320	2
319	321	2
146	322	5
144	323	1
185	323	1
230	323	1
322	323	1
144	325	4
146	325	4
146	326	2
325	327	2
146	328	4
176	329	2
146	331	3
328	331	2
328	332	2
146	333	3
237	333	3
126	334	2
333	335	2
334	335	1
103	336	2
297	336	2
185	337	1
185	338	1
73	339	2
230	340	1
337	340	1
146	341	1
230	341	1
334	341	1
338	341	1
269	342	1
275	342	1
276	342	1
297	342	2
126	343	2
274	343	2
185	346	2
345	346	1
72	347	2
146	347	2
142	348	2
144	348	2
146	348	2
204	348	2
280	348	1
7	351	2
20	351	2
22	351	2
148	351	1
22	352	1
17	353	1
18	353	2
20	353	2
21	353	2
22	353	1
153	354	1
243	354	1
351	354	1
351	355	1
352	355	1
50	358	2
71	358	1
185	358	2
5	359	2
165	360	1
188	360	1
165	361	1
360	361	2
186	362	1
144	363	2
204	363	2
59	364	2
123	364	2
145	364	2
172	364	1
214	364	2
295	364	2
144	367	1
146	367	1
237	368	1
146	369	1
154	369	1
172	369	1
285	369	1
13	370	1
33	370	2
144	370	1
186	370	1
70	372	1
146	372	2
5	373	4
229	373	2
307	374	1
13	375	1
127	375	2
135	375	2
144	375	3
146	375	3
185	375	3
219	375	2
247	375	2
237	377	1
242	377	1
237	378	1
377	378	1
344	379	2
347	379	2
232	380	1
154	381	2
192	381	2
380	381	3
73	382	2
134	382	2
182	382	2
119	384	2
281	384	2
9	385	2
9	386	2
185	386	3
185	388	2
32	389	2
365	389	2
192	390	2
74	391	1
154	391	3
185	391	5
297	391	3
173	393	2
287	393	2
297	393	2
152	394	7
269	394	2
270	394	2
391	394	2
34	398	2
146	398	2
305	398	2
290	400	2
297	400	2
154	401	2
172	401	2
173	401	2
297	401	2
366	402	2
3	403	2
144	404	1
134	405	2
405	406	2
1	407	1
59	407	2
66	407	1
73	407	6
91	407	1
96	407	2
107	407	4
132	407	2
135	407	2
145	407	2
146	407	36
153	407	3
154	407	4
183	407	6
184	407	2
187	407	2
204	407	14
205	407	2
206	407	2
207	407	5
226	407	2
228	407	4
244	407	3
265	407	2
268	407	2
282	407	1
297	407	2
298	407	4
305	407	4
309	407	1
315	407	1
339	407	2
344	407	2
345	407	2
359	407	2
369	407	1
375	407	3
382	407	4
383	407	2
385	407	2
386	407	2
398	407	2
88	408	2
146	408	2
227	408	2
297	408	1
316	408	1
185	409	1
237	409	1
368	409	1
185	410	1
370	410	1
92	411	2
148	411	1
237	411	2
333	411	2
63	412	2
95	413	1
154	413	4
172	413	2
219	413	1
412	413	2
264	414	1
144	415	2
210	415	2
407	415	2
90	416	2
109	416	1
144	416	2
185	416	4
407	416	3
185	417	1
145	418	1
175	419	2
185	419	2
152	420	2
281	420	2
315	420	2
146	421	2
152	421	2
227	421	2
297	421	2
398	421	2
146	423	2
232	424	1
422	424	1
423	424	2
5	425	2
72	425	1
100	425	1
118	425	1
135	425	1
145	425	11
149	425	3
154	425	4
172	425	2
174	425	2
175	425	2
185	425	8
203	425	2
215	425	1
232	425	2
242	425	4
245	425	1
272	425	1
277	425	1
280	425	1
302	425	2
303	425	1
357	425	1
365	425	2
382	425	2
389	425	2
407	425	2
413	425	2
419	425	2
38	426	2
144	426	4
165	426	1
170	426	2
188	426	1
202	426	1
204	426	1
211	426	2
219	426	5
303	426	2
305	426	2
375	426	2
390	426	2
394	426	2
407	426	2
408	426	2
416	426	2
5	427	2
107	427	2
359	427	2
148	428	1
322	428	1
333	428	1
144	429	2
146	429	2
174	429	2
144	430	2
166	430	2
298	430	1
299	430	1
97	431	2
109	431	2
144	431	2
146	431	2
224	432	1
154	433	1
171	433	1
172	433	1
413	433	1
154	434	1
172	434	1
173	434	1
175	434	1
183	434	1
185	434	4
228	434	2
229	434	2
381	434	2
388	434	2
407	434	1
88	435	2
226	435	2
228	435	2
434	435	4
34	436	2
154	436	2
183	436	1
434	436	1
146	437	2
185	437	1
313	437	1
314	437	1
425	437	2
219	438	1
266	438	1
294	438	1
411	438	2
185	439	2
185	441	2
201	441	1
426	441	1
438	441	1
237	442	1
331	443	1
228	444	2
68	445	1
185	446	1
358	446	1
136	447	1
185	447	1
9	448	1
73	448	2
229	448	2
230	448	1
318	448	1
341	448	2
185	449	2
194	449	3
216	449	3
144	450	1
146	450	1
185	450	1
230	450	1
317	450	1
185	451	2
230	451	2
41	42	2
29	89	2
13	144	2
35	146	2
107	146	2
135	146	2
145	146	19
144	151	3
148	153	3
152	154	3
79	155	1
78	173	1
144	174	2
15	175	2
176	179	1
71	185	1
90	185	2
185	189	1
185	196	1
183	197	2
195	199	2
182	207	1
204	212	2
88	226	4
99	226	1
105	226	2
0	227	2
41	227	2
79	228	1
129	228	2
44	229	2
81	229	1
108	229	2
206	229	2
217	229	2
87	230	4
225	232	1
227	242	2
207	244	1
237	256	1
164	267	2
230	274	2
144	284	2
190	285	2
173	286	2
266	294	1
102	297	2
144	299	2
298	299	5
175	301	2
92	302	2
146	302	4
134	303	1
185	304	1
297	308	2
185	313	2
151	317	1
329	330	2
331	334	2
185	340	1
185	344	2
344	345	2
204	346	1
107	359	2
232	362	1
146	363	2
350	365	2
226	373	3
227	373	3
228	373	2
284	373	7
370	375	1
376	378	1
172	387	1
227	388	1
185	392	1
172	393	2
304	399	1
172	400	2
146	403	2
2	407	1
65	407	1
185	407	20
219	407	2
322	411	1
76	421	2
226	421	2
146	424	2
186	424	1
153	425	4
294	425	2
152	426	6
173	433	1
229	435	2
185	438	5
140	447	1
448	450	1
