1	2	1
3	5	2
2	6	2
7	14	1
8	15	1
15	16	1
7	22	1
28	29	2
27	30	2
32	36	2
35	36	2
26	38	4
37	43	2
35	44	2
41	48	2
52	53	1
57	59	2
5	60	1
61	62	2
63	64	2
6	67	2
51	70	1
68	70	1
28	75	2
40	76	2
77	78	1
79	80	1
80	82	1
81	83	1
37	87	2
30	88	2
88	89	2
67	90	2
93	94	1
6	98	2
84	100	1
23	101	2
24	102	2
5	107	4
67	108	4
12	111	1
88	113	2
115	116	2
39	117	2
100	118	1
114	119	2
61	123	2
61	127	3
123	127	2
124	127	1
127	131	2
127	133	2
134	135	1
136	140	1
138	140	2
126	142	2
127	142	2
96	143	2
32	144	4
35	144	2
53	144	1
57	144	2
59	144	2
62	144	4
69	144	2
107	144	2
135	144	2
142	144	2
72	145	2
91	145	1
125	145	2
134	145	3
6	146	2
32	146	4
52	146	1
57	146	2
61	146	2
62	146	4
69	146	2
72	146	2
91	146	1
92	146	2
124	146	1
127	146	2
132	146	2
144	146	114
4	147	2
144	148	4
52	149	2
54	149	1
93	149	2
93	151	2
146	151	3
12	152	1
37	152	2
38	152	2
48	152	2
56	152	1
58	152	2
60	152	1
87	152	2
88	152	3
89	152	3
100	152	1
144	152	4
144	153	5
146	153	5
31	154	2
41	154	2
42	154	2
74	154	1
76	154	2
95	154	1
101	154	2
104	154	2
105	154	2
120	156	2
143	156	2
5	157	4
144	157	4
145	157	2
5	158	4
144	158	4
158	160	2
144	161	1
146	161	1
65	163	2
145	163	1
146	163	1
158	163	2
159	163	2
161	163	1
5	166	2
134	166	1
145	166	1
146	166	3
166	167	2
5	168	4
156	168	2
158	168	2
166	168	2
5	169	4
156	169	2
167	169	2
39	172	2
77	172	1
78	172	1
117	172	2
171	172	1
39	173	2
77	173	1
152	173	1
171	173	1
172	174	2
16	175	2
17	175	3
144	175	6
154	175	3
177	178	2
11	181	2
15	181	2
16	181	2
175	181	6
145	182	1
146	182	3
175	182	2
136	183	1
144	183	4
146	183	2
154	183	3
144	184	2
146	184	2
4	185	2
25	185	2
26	185	2
27	185	2
31	185	4
33	185	2
39	185	4
44	185	2
45	185	2
46	185	2
47	185	2
50	185	2
56	185	1
63	185	2
68	185	2
70	185	3
75	185	4
78	185	2
82	185	1
84	185	1
88	185	4
91	185	1
94	185	1
96	185	2
99	185	2
110	185	3
116	185	4
128	185	2
134	185	1
135	185	1
140	185	1
145	185	6
146	185	8
152	185	7
154	185	9
156	185	2
158	185	2
161	185	1
175	185	2
184	186	1
185	186	3
145	187	1
175	187	2
110	189	1
98	192	2
146	195	2
146	196	2
57	197	2
59	197	2
146	197	8
175	197	2
185	197	2
185	200	2
13	201	1
144	201	1
185	201	4
200	201	1
185	202	1
185	203	2
12	204	2
13	204	1
69	204	1
89	204	2
113	204	3
124	204	1
134	204	1
135	204	1
136	204	1
144	204	16
145	204	3
152	204	2
182	204	1
196	204	2
144	205	2
204	205	2
88	206	2
204	206	4
205	206	2
69	207	1
124	207	1
134	207	1
135	207	1
144	207	5
145	207	3
152	207	1
153	207	1
204	207	12
133	209	2
200	209	1
87	210	1
144	210	2
146	210	2
185	210	2
88	211	2
192	211	2
203	212	2
88	213	2
89	213	2
204	213	2
133	215	2
146	215	1
209	215	2
152	216	1
206	216	2
185	218	1
193	218	1
5	219	1
60	219	1
98	219	2
154	219	2
200	219	1
201	219	1
209	219	1
87	220	2
203	221	2
219	221	1
88	222	2
204	222	2
88	223	2
122	224	1
185	225	1
186	225	1
0	226	2
5	226	2
23	226	2
24	226	2
26	226	2
27	226	2
38	226	2
40	226	2
43	226	2
45	226	2
46	226	2
47	226	2
49	226	2
67	226	2
76	226	2
85	226	2
86	226	1
98	226	2
103	226	2
104	226	2
107	226	2
115	226	2
116	226	2
120	226	4
154	226	2
187	226	1
204	226	5
206	226	2
207	226	1
210	226	2
214	226	2
6	227	2
23	227	2
26	227	2
29	227	2
38	227	2
40	227	2
43	227	2
45	227	2
47	227	2
48	227	4
67	227	2
76	227	2
86	227	1
98	227	2
102	227	2
103	227	2
105	227	2
108	227	2
115	227	2
120	227	4
187	227	1
190	227	2
204	227	5
206	227	2
210	227	2
214	227	2
217	227	2
226	227	73
0	228	2
35	228	2
43	228	2
44	228	2
80	228	1
83	228	1
84	228	1
121	228	2
127	228	2
128	228	2
139	228	2
140	228	2
141	228	2
167	228	2
177	228	1
185	228	8
198	228	4
204	228	2
205	228	2
206	228	2
210	228	2
217	228	2
0	229	2
26	229	2
35	229	2
43	229	2
67	229	2
82	229	1
83	229	1
88	229	3
95	229	1
97	229	2
121	229	2
127	229	2
129	229	2
138	229	4
139	229	2
140	229	2
159	229	2
171	229	1
176	229	1
179	229	1
180	229	1
185	229	8
187	229	2
198	229	4
205	229	2
228	229	48
12	230	1
88	230	4
127	230	2
145	230	1
160	230	2
182	230	2
187	230	3
189	230	1
196	230	1
200	230	1
201	230	3
202	230	1
208	230	2
210	230	1
220	230	2
226	230	2
227	230	2
81	232	1
83	232	1
84	232	1
152	232	2
184	232	1
221	232	2
228	232	3
184	233	1
186	233	1
232	233	1
144	234	3
144	235	2
146	235	2
144	236	2
234	236	2
6	237	2
162	237	2
185	237	3
185	238	2
226	238	2
237	239	1
3	240	2
238	241	2
2	242	2
162	242	2
185	242	2
226	242	2
237	242	5
238	242	2
240	242	4
5	244	2
146	244	5
153	244	3
162	244	2
204	244	1
237	244	4
242	244	4
146	245	1
182	245	1
185	245	3
187	245	1
204	245	1
207	245	1
226	245	1
185	246	1
245	246	1
124	247	1
127	247	1
144	247	2
146	247	2
11	248	1
175	248	1
181	248	1
237	248	1
56	249	2
134	249	1
250	253	1
185	254	2
250	254	1
251	254	1
252	254	1
253	254	1
185	255	1
239	256	2
248	256	1
160	258	2
193	259	1
49	260	2
185	260	2
197	260	2
112	261	2
185	261	2
204	262	2
230	262	2
154	263	1
152	264	1
154	266	1
219	266	1
185	268	2
219	268	2
152	269	2
154	269	1
152	270	2
79	271	1
80	271	1
81	271	1
82	271	1
83	271	1
185	271	2
80	272	1
82	272	1
83	272	1
146	272	1
185	272	1
215	272	1
127	274	2
152	275	2
88	276	1
154	276	1
100	277	1
185	278	4
104	279	2
173	279	2
72	280	1
152	281	4
204	281	2
227	281	2
185	282	1
282	283	1
93	284	2
150	284	1
172	284	2
226	284	3
227	284	3
228	284	2
152	285	1
172	285	3
173	285	3
185	286	2
173	287	2
185	287	2
172	288	2
173	288	2
185	288	2
279	288	2
47	289	2
172	289	2
173	289	2
185	289	2
46	290	2
172	290	2
185	290	2
25	291	2
185	292	3
220	292	2
226	292	4
229	292	1
185	293	1
154	294	4
160	294	2
183	294	2
185	294	6
227	294	2
228	294	1
229	294	1
230	294	1
258	294	2
292	294	3
185	295	2
154	296	4
227	296	2
76	297	2
103	297	2
146	297	2
183	297	2
185	297	7
214	297	2
219	297	1
270	297	2
279	297	2
294	297	4
134	298	2
145	298	2
185	298	1
9	299	2
10	299	2
146	299	2
185	299	5
209	299	2
230	299	2
92	300	2
145	301	2
187	301	2
197	301	2
144	302	2
204	303	1
230	303	1
249	303	1
232	304	1
146	305	4
152	305	2
184	305	6
245	306	1
185	307	1
172	308	2
285	308	2
185	309	1
144	310	2
146	310	2
152	310	2
197	310	2
199	310	2
204	310	1
207	310	1
216	310	2
230	310	1
260	310	2
51	311	2
68	311	2
185	311	4
185	312	1
255	312	1
255	313	1
185	314	1
313	314	1
204	315	1
303	315	2
278	316	2
144	317	1
146	317	1
185	317	1
185	318	1
230	318	1
144	320	2
319	320	2
144	321	2
146	321	2
319	321	2
144	322	5
146	322	5
148	322	1
185	322	1
146	323	1
185	323	1
144	324	2
322	324	2
144	326	2
325	326	2
176	329	2
185	329	2
126	331	2
328	332	2
146	333	3
126	334	2
146	334	2
185	334	2
230	334	1
323	334	1
333	335	2
103	336	2
286	336	2
297	336	2
185	337	1
185	338	1
230	338	1
337	340	1
185	341	1
334	341	1
77	342	1
154	342	5
269	342	1
276	342	1
297	342	2
126	343	2
127	343	2
274	343	2
183	346	1
145	347	2
344	347	2
72	348	1
144	348	2
146	348	2
204	348	2
157	349	2
7	351	2
17	351	1
18	351	2
19	351	2
20	351	2
22	351	2
148	351	1
153	351	1
7	352	2
14	352	2
351	352	3
17	353	1
19	353	2
20	353	2
148	354	1
153	354	1
243	354	1
256	354	1
351	354	1
14	355	1
352	355	1
226	356	2
185	358	2
5	359	2
165	360	1
188	360	1
165	361	1
188	361	1
360	361	2
185	362	1
186	362	1
225	362	1
204	363	2
59	364	2
114	364	2
123	364	2
145	364	2
172	364	1
185	364	7
194	364	2
197	364	1
214	364	2
295	364	2
146	367	1
185	368	1
237	368	1
144	369	1
152	369	1
154	369	1
13	370	1
33	370	2
165	370	2
33	371	2
70	372	1
144	372	2
146	372	2
185	372	2
157	373	2
173	373	2
229	373	2
185	374	2
13	375	1
126	375	2
127	375	2
135	375	2
144	375	3
146	375	3
186	375	1
191	375	2
192	375	2
220	375	2
247	375	2
292	375	4
237	378	1
344	379	2
347	379	2
185	380	1
186	380	1
227	380	2
232	380	1
154	381	2
227	381	2
297	381	2
380	381	3
73	382	2
134	382	2
182	382	2
185	382	1
10	383	2
185	383	1
382	383	3
119	384	2
281	384	2
9	386	2
173	387	1
275	387	1
152	388	2
228	388	1
278	388	2
381	388	2
32	389	2
144	389	2
146	389	2
152	389	2
350	389	2
366	389	2
152	390	2
192	390	2
26	391	2
74	391	1
88	391	2
154	391	3
185	391	5
192	391	2
204	391	2
223	391	4
275	391	2
287	393	2
297	393	2
269	394	2
270	394	2
275	394	2
276	394	1
391	394	2
42	395	1
173	395	1
185	395	1
387	395	1
230	396	2
262	396	2
371	397	2
34	398	2
146	398	2
185	399	1
173	400	2
290	400	2
297	400	2
101	401	2
154	401	2
172	401	2
173	401	2
297	401	2
144	403	2
163	404	1
405	406	2
5	407	4
9	407	5
10	407	4
13	407	2
57	407	2
58	407	1
59	407	2
62	407	4
69	407	2
73	407	6
91	407	1
96	407	2
109	407	1
121	407	2
124	407	1
135	407	2
143	407	4
144	407	32
146	407	36
156	407	2
175	407	5
183	407	6
184	407	2
187	407	2
199	407	2
201	407	1
204	407	14
205	407	2
206	407	2
226	407	2
227	407	2
228	407	4
244	407	3
268	407	2
272	407	1
282	407	1
297	407	2
298	407	4
301	407	2
305	407	4
309	407	1
315	407	1
339	407	2
341	407	2
348	407	2
359	407	2
363	407	2
370	407	1
380	407	1
382	407	4
383	407	2
385	407	2
386	407	2
398	407	2
88	408	2
144	408	2
146	408	2
154	408	1
185	408	1
204	408	2
214	408	2
227	408	2
297	408	1
305	408	2
316	408	1
407	408	2
185	409	1
237	409	1
333	409	1
368	409	1
185	410	1
92	411	2
148	411	1
237	411	2
300	411	2
63	412	2
146	412	2
154	412	2
227	412	2
152	413	1
172	413	2
173	413	2
219	413	1
263	413	1
152	414	1
264	414	1
144	415	2
146	415	2
185	415	2
210	415	2
90	416	2
109	416	1
144	416	2
146	416	2
185	416	4
265	416	1
380	417	1
145	418	1
185	418	1
175	419	2
185	419	2
152	420	2
226	420	2
144	421	2
146	421	2
152	421	2
227	421	2
297	421	2
305	421	2
407	421	2
232	422	1
144	423	2
232	424	1
422	424	1
5	425	2
72	425	1
100	425	1
118	425	1
145	425	11
146	425	14
149	425	3
154	425	4
162	425	2
175	425	2
195	425	2
196	425	2
197	425	4
199	425	2
203	425	2
215	425	1
221	425	2
232	425	2
237	425	2
242	425	4
277	425	1
298	425	2
302	425	2
303	425	1
334	425	1
345	425	1
346	425	1
365	425	2
382	425	2
406	425	2
412	425	2
413	425	2
38	426	2
118	426	2
185	426	6
192	426	9
219	426	5
223	426	2
270	426	2
303	426	2
305	426	2
315	426	4
360	426	2
381	426	4
390	426	2
391	426	2
407	426	2
408	426	2
416	426	2
5	427	2
107	427	2
359	427	2
407	427	2
185	428	2
322	428	1
411	428	2
144	429	2
146	429	2
174	429	2
144	430	2
146	430	2
166	430	2
298	430	1
299	430	1
385	430	1
97	431	2
144	431	2
146	431	2
229	431	2
55	432	1
224	432	1
273	432	2
171	433	1
263	433	1
154	434	1
172	434	1
175	434	1
183	434	1
227	434	2
229	434	2
364	434	1
381	434	2
407	434	1
185	435	4
204	435	2
226	435	2
228	435	2
434	435	4
34	436	2
154	436	2
183	436	1
276	436	1
342	436	1
407	436	1
434	436	1
146	437	2
185	437	1
302	437	2
313	437	1
314	437	1
425	437	2
230	438	2
294	438	1
426	438	1
185	439	2
300	439	2
411	439	4
438	439	2
127	440	2
144	440	2
201	441	1
202	441	1
438	441	1
237	442	1
300	442	2
333	442	1
411	442	5
438	442	2
439	442	4
144	443	2
235	443	1
73	444	2
228	444	2
229	444	2
407	444	2
311	445	1
50	446	1
185	446	1
9	448	1
73	448	2
228	448	2
230	448	1
318	448	1
185	449	2
194	449	3
216	449	3
9	450	1
146	450	1
185	450	1
230	450	1
407	450	1
112	451	2
208	451	2
230	451	2
41	42	2
58	144	1
35	146	2
67	146	4
107	146	2
145	146	19
144	151	3
148	153	3
77	154	1
152	154	3
79	155	1
146	158	2
33	165	2
158	169	2
115	170	2
78	173	1
8	175	2
15	175	2
176	179	1
0	185	2
60	185	1
74	185	3
81	185	1
90	185	2
136	185	2
148	185	1
165	185	2
181	185	2
185	189	1
145	195	2
183	197	2
146	199	2
195	199	2
30	211	2
204	212	2
185	215	1
99	226	1
217	226	2
41	227	2
64	227	2
99	227	1
116	227	2
79	228	1
81	228	1
82	228	1
182	228	2
44	229	2
108	229	2
206	229	2
217	229	2
87	230	4
111	230	1
153	230	2
186	232	5
5	240	2
227	242	2
152	243	1
207	244	1
185	253	1
237	256	1
146	258	1
230	274	2
88	281	2
190	285	2
173	286	2
173	290	2
191	292	2
145	294	2
226	294	2
266	294	1
102	297	2
144	299	2
298	299	5
92	302	2
146	302	4
134	303	1
297	308	2
185	313	2
151	317	1
146	327	2
329	330	2
331	334	2
333	334	1
185	340	1
73	341	2
270	342	2
185	345	3
204	346	1
14	351	2
232	362	1
146	363	2
350	365	2
333	368	1
173	369	1
226	373	3
227	373	3
376	378	1
186	381	1
214	381	2
385	386	3
172	387	1
342	387	1
227	388	1
229	388	1
269	390	2
204	396	2
304	399	1
172	400	2
146	403	2
65	407	1
127	407	2
185	407	20
283	407	1
389	407	2
145	413	2
154	421	4
226	421	2
146	424	2
186	424	1
150	425	1
153	425	4
284	425	1
294	425	2
37	426	2
361	426	2
173	433	1
185	438	5
92	442	2
140	447	1
448	450	1
