8	11	1
8	15	1
15	16	1
16	17	1
19	20	1
20	21	1
27	30	2
32	36	2
35	36	2
26	38	4
27	43	4
37	43	2
57	58	2
57	59	2
5	60	1
56	60	1
61	62	2
51	68	1
58	69	1
68	70	1
31	75	2
40	78	2
80	82	1
81	83	1
81	84	1
86	89	1
88	89	2
67	90	2
93	94	1
86	99	1
84	100	1
24	102	2
47	105	2
5	107	4
67	108	4
88	108	2
88	113	2
115	116	2
114	119	2
85	120	2
59	123	2
61	123	2
61	124	1
61	127	3
110	128	2
111	129	2
123	130	2
123	131	2
125	132	2
123	134	2
130	134	2
134	135	1
136	140	1
96	143	2
6	144	2
52	144	1
57	144	2
61	144	2
62	144	4
92	144	2
107	144	2
135	144	2
72	145	2
132	145	2
144	145	9
3	146	2
32	146	4
36	146	4
58	146	1
69	146	2
72	146	2
91	146	1
92	146	2
109	146	2
124	146	1
127	146	2
132	146	2
134	146	1
144	146	114
4	147	2
54	149	1
93	151	2
146	151	3
32	152	2
38	152	2
56	152	1
57	152	2
58	152	2
60	152	1
86	152	1
95	152	1
110	152	1
111	152	1
144	152	4
146	152	4
54	153	1
144	153	5
146	153	5
149	153	3
150	153	1
31	154	2
42	154	2
44	154	2
48	154	2
74	154	1
76	154	2
101	154	2
144	154	1
145	154	4
5	156	4
143	156	2
144	157	4
146	157	2
157	158	4
139	159	2
146	161	1
158	163	2
161	163	1
85	164	2
5	166	2
134	166	1
145	166	1
146	166	3
139	167	2
156	168	2
158	168	2
166	168	2
5	169	4
166	169	2
88	170	2
95	171	1
39	172	2
78	172	1
117	172	2
146	172	2
152	172	1
171	172	1
77	173	1
152	173	1
172	174	2
11	175	2
16	175	2
146	175	4
154	175	3
8	181	2
15	181	2
16	181	2
17	181	3
175	181	6
144	182	2
175	182	2
136	183	1
144	183	4
146	183	2
154	183	3
12	185	1
23	185	2
27	185	2
28	185	2
30	185	2
39	185	4
41	185	2
44	185	2
51	185	2
79	185	1
80	185	1
82	185	1
91	185	1
114	185	2
115	185	2
116	185	4
126	185	2
128	185	2
129	185	2
131	185	2
135	185	1
139	185	2
140	185	1
143	185	2
145	185	6
147	185	2
152	185	7
154	185	9
158	185	2
159	185	2
172	185	2
173	185	2
175	185	2
183	185	2
184	186	1
185	186	3
145	187	1
182	187	2
185	190	2
12	192	2
88	192	2
98	192	2
146	195	2
194	195	2
146	196	2
144	197	4
146	197	8
175	197	2
185	197	2
195	197	2
196	197	3
197	199	2
87	200	1
185	200	2
87	201	1
144	201	1
185	201	4
200	201	1
185	202	1
185	203	2
12	204	2
88	204	25
89	204	2
115	204	2
135	204	1
136	204	1
144	204	16
146	204	19
170	204	2
183	204	2
196	204	2
197	204	4
203	204	2
204	205	2
0	206	2
88	206	2
69	207	1
124	207	1
134	207	1
144	207	5
145	207	3
152	207	1
197	207	2
204	207	12
127	209	2
133	209	2
144	210	2
146	210	2
185	210	2
198	210	4
88	211	2
192	211	2
203	212	2
88	213	2
154	214	2
127	215	2
55	216	1
185	216	2
204	216	2
95	219	1
126	219	2
154	219	2
185	219	10
200	219	1
87	220	2
60	221	1
219	221	1
88	222	2
122	224	1
185	225	1
186	225	1
6	226	2
23	226	2
24	226	2
25	226	2
26	226	2
28	226	2
40	226	2
43	226	2
45	226	2
46	226	2
48	226	4
64	226	2
67	226	2
76	226	2
85	226	2
86	226	1
98	226	2
101	226	2
104	226	2
106	226	2
108	226	2
115	226	2
116	226	2
120	226	4
187	226	1
190	226	2
198	226	2
204	226	5
206	226	2
210	226	2
6	227	2
23	227	2
24	227	2
25	227	2
26	227	2
28	227	2
38	227	2
40	227	2
45	227	2
46	227	2
49	227	2
63	227	4
88	227	4
101	227	2
103	227	2
104	227	2
105	227	2
115	227	2
152	227	5
156	227	2
185	227	15
190	227	2
210	227	2
214	227	2
217	227	2
226	227	73
0	228	2
27	228	2
38	228	2
43	228	2
44	228	2
67	228	2
80	228	1
83	228	1
84	228	1
95	228	1
97	228	2
108	228	2
128	228	2
138	228	4
140	228	2
141	228	2
163	228	2
176	228	1
177	228	1
179	228	1
185	228	8
204	228	2
205	228	2
0	229	2
26	229	2
27	229	2
35	229	2
83	229	1
95	229	1
97	229	2
121	229	2
129	229	2
152	229	3
159	229	2
163	229	2
171	229	1
176	229	1
177	229	1
180	229	1
182	229	2
185	229	8
187	229	2
110	230	1
126	230	2
127	230	2
145	230	1
152	230	3
158	230	2
160	230	2
187	230	3
189	230	1
201	230	3
202	230	1
207	230	3
208	230	2
210	230	1
219	230	2
227	230	2
228	230	4
83	232	1
84	232	1
184	232	1
185	232	6
184	233	1
232	233	1
146	235	2
144	236	2
234	236	2
162	237	2
227	238	2
237	239	1
3	240	2
3	242	2
6	242	2
162	242	2
185	242	2
237	242	5
238	242	2
240	242	4
237	243	2
239	243	1
5	244	2
144	244	5
187	245	1
204	245	1
226	245	1
227	245	1
127	247	1
144	247	2
146	247	2
11	248	1
181	248	1
237	248	1
239	248	1
134	249	1
185	251	1
250	254	1
251	254	1
239	256	2
243	256	1
248	256	1
144	257	1
144	258	1
185	259	1
193	259	1
218	259	1
49	260	2
197	260	2
185	261	2
154	263	1
109	265	1
201	266	1
88	267	2
88	268	2
204	268	2
219	268	2
79	271	1
209	271	2
80	272	1
82	272	1
83	272	1
146	272	1
185	272	1
215	272	1
271	272	3
224	273	1
127	274	2
88	276	1
152	276	1
154	276	1
100	277	1
118	277	1
185	278	4
154	279	2
172	279	2
72	280	1
152	281	4
204	281	2
222	281	2
227	281	2
185	282	1
185	283	1
282	283	1
150	284	1
172	284	2
173	284	2
185	284	2
226	284	3
227	284	3
152	285	1
172	285	3
45	287	2
173	287	2
185	287	2
47	289	2
172	289	2
46	290	2
172	290	2
185	290	2
25	291	2
173	291	2
228	292	1
185	293	1
146	294	2
154	294	4
160	294	2
183	294	2
185	294	6
228	294	1
293	294	1
44	296	2
185	296	2
227	296	2
31	297	2
76	297	2
103	297	2
104	297	2
146	297	2
154	297	31
175	297	2
183	297	2
185	297	7
219	297	1
266	297	1
279	297	2
294	297	4
9	299	2
145	299	2
230	299	2
92	300	2
145	301	2
183	301	2
187	301	2
204	303	1
230	303	1
249	303	1
232	304	1
146	305	4
185	305	4
185	306	1
245	306	1
246	306	1
185	307	1
284	307	1
172	308	2
144	310	2
146	310	2
152	310	2
204	310	1
207	310	1
216	310	2
260	310	2
70	311	3
185	311	4
185	312	1
255	313	1
185	314	1
204	315	1
230	315	1
185	316	3
278	316	2
144	317	1
185	317	1
230	318	1
144	319	4
146	319	4
144	320	2
146	320	2
319	320	2
144	321	2
146	321	2
319	321	2
144	322	5
148	322	1
185	322	1
144	323	1
185	323	1
322	323	1
146	325	4
144	326	2
146	326	2
144	327	2
144	328	4
185	329	2
185	330	2
126	331	2
144	331	3
146	331	3
328	331	2
328	332	2
142	334	2
323	334	1
185	335	1
333	335	2
103	336	2
173	336	2
297	336	2
185	337	1
230	340	1
337	340	1
144	341	1
146	341	1
334	341	1
77	342	1
269	342	1
275	342	1
276	342	1
297	342	2
185	346	2
145	347	2
146	347	2
72	348	1
204	348	2
280	348	1
157	349	2
21	351	2
148	351	1
153	351	1
7	352	2
17	353	1
20	353	2
22	353	1
351	353	5
256	354	1
14	355	1
351	355	1
227	356	2
185	358	2
188	360	1
165	361	1
188	361	1
62	363	2
144	363	2
59	364	2
145	364	2
173	364	1
185	364	7
230	364	1
301	364	2
144	367	1
185	368	1
237	368	1
152	369	1
367	369	1
13	370	1
33	370	2
185	370	3
70	372	1
311	372	1
173	373	2
307	374	1
13	375	1
126	375	2
127	375	2
135	375	2
144	375	3
146	375	3
185	375	3
186	375	1
192	375	2
232	375	1
247	375	2
292	375	4
362	375	1
242	377	1
237	378	1
347	379	2
186	380	1
232	380	1
170	381	2
185	381	1
192	381	2
232	381	1
297	381	2
380	381	3
10	382	2
73	382	2
134	382	2
10	383	2
281	384	2
9	385	2
185	385	1
9	386	2
275	387	1
226	388	1
278	388	2
381	388	2
32	389	2
146	389	2
350	389	2
365	389	2
152	390	2
211	390	2
26	391	2
88	391	2
152	391	2
223	391	4
275	391	2
297	391	3
287	393	2
297	393	2
269	394	2
270	394	2
276	394	1
390	394	2
391	394	2
173	395	1
230	396	2
305	398	2
105	400	2
154	400	2
297	400	2
154	401	2
389	402	2
144	403	2
392	403	1
144	404	1
145	404	1
226	405	2
227	405	2
134	406	2
405	406	2
5	407	4
13	407	2
32	407	2
58	407	1
59	407	2
61	407	2
73	407	6
96	407	2
121	407	2
124	407	1
125	407	2
135	407	2
144	407	32
146	407	36
154	407	4
156	407	2
183	407	6
184	407	2
201	407	1
205	407	2
207	407	5
215	407	1
216	407	2
226	407	2
247	407	2
268	407	2
282	407	1
298	407	4
301	407	2
305	407	4
315	407	1
341	407	2
344	407	2
345	407	2
359	407	2
363	407	2
375	407	3
382	407	4
383	407	2
386	407	2
398	407	2
88	408	2
185	408	1
305	408	2
316	408	1
185	409	1
368	409	1
186	410	1
185	411	5
237	411	2
300	411	2
63	412	2
154	412	2
185	412	2
226	412	2
227	412	2
146	413	2
154	413	4
173	413	2
289	413	2
152	414	1
144	415	2
185	415	2
210	415	2
143	416	2
146	416	2
185	416	4
407	416	3
185	417	1
185	418	1
152	420	2
227	420	2
315	420	2
48	421	2
144	421	2
152	421	2
227	421	2
297	421	2
305	421	2
398	421	2
232	424	1
423	424	2
54	425	1
72	425	1
100	425	1
118	425	1
123	425	2
135	425	1
154	425	4
174	425	2
196	425	2
197	425	4
203	425	2
207	425	4
221	425	2
237	425	2
249	425	1
280	425	1
297	425	2
298	425	2
346	425	1
357	425	1
365	425	2
389	425	2
405	425	2
413	425	2
419	425	2
38	426	2
98	426	2
118	426	2
146	426	4
170	426	2
185	426	6
188	426	1
192	426	9
202	426	1
223	426	2
270	426	2
305	426	2
315	426	4
360	426	2
381	426	4
390	426	2
394	426	2
408	426	2
416	426	2
5	427	2
237	428	1
322	428	1
144	429	2
174	429	2
144	430	2
166	430	2
109	431	2
146	431	2
228	431	2
229	431	2
55	432	1
122	432	2
171	433	1
172	433	1
172	434	1
183	434	1
185	434	4
227	434	2
228	434	2
229	434	2
364	434	1
381	434	2
388	434	2
88	435	2
113	435	2
226	435	2
227	435	2
228	435	2
34	436	2
175	436	1
185	437	1
302	437	2
313	437	1
314	437	1
230	438	2
411	438	2
185	439	2
300	439	2
411	439	4
438	439	2
127	440	2
144	440	2
407	440	2
201	441	1
202	441	1
426	441	1
237	442	1
300	442	2
333	442	1
411	442	5
438	442	2
439	442	4
407	444	2
443	444	2
185	445	1
311	445	1
50	446	1
185	446	1
358	446	1
136	447	1
9	448	1
73	448	2
318	448	1
194	449	3
230	450	1
407	450	1
18	19	1
29	89	2
96	97	2
107	146	2
135	146	2
144	151	3
148	153	3
77	154	1
152	154	3
146	158	2
115	170	2
78	173	1
177	180	1
0	185	2
74	185	3
136	185	2
148	185	1
165	185	2
181	185	2
185	189	1
121	197	2
146	199	2
153	204	1
30	211	2
204	212	2
185	215	1
5	221	1
29	226	2
105	226	2
217	226	2
116	227	2
154	227	2
88	228	3
129	228	2
182	228	2
44	229	2
81	229	1
108	229	2
141	229	2
87	230	4
153	230	2
225	232	1
229	232	3
5	240	2
227	242	2
185	253	1
237	256	1
146	258	1
164	267	2
155	271	1
88	281	2
144	284	2
173	286	2
201	294	1
266	294	1
102	297	2
144	299	2
298	299	5
146	302	4
185	304	1
185	313	2
265	315	1
151	317	1
146	324	2
329	330	2
333	334	1
172	336	2
185	340	1
73	341	2
270	342	2
185	344	2
185	345	3
344	345	2
204	346	1
5	349	4
107	359	2
232	362	1
333	368	1
226	373	3
228	373	2
284	373	7
376	378	1
385	386	3
172	387	1
342	387	1
88	388	2
227	388	1
31	391	2
185	392	1
172	393	2
304	399	1
127	407	2
260	407	2
283	407	1
294	407	2
389	407	2
145	413	2
220	415	2
154	421	4
226	421	2
146	424	2
52	425	2
134	425	10
182	425	3
284	425	1
335	425	1
37	426	2
382	430	1
173	433	1
229	435	2
230	441	2
92	442	2
73	443	2
128	444	2
140	447	1
448	450	1
