3	5	2
2	6	2
7	14	1
8	15	1
15	16	1
19	20	1
7	22	1
21	22	1
28	29	2
37	43	2
35	44	2
41	48	2
5	60	1
6	67	2
51	68	1
58	69	1
50	71	1
31	75	2
40	76	2
77	78	1
79	80	1
81	83	1
82	83	1
81	84	1
88	89	2
67	90	2
74	99	2
23	101	2
45	103	2
47	105	2
46	106	2
5	107	4
67	107	2
88	108	2
12	111	1
88	113	2
88	115	2
39	116	2
115	116	2
39	117	2
100	118	1
114	119	2
59	123	2
61	124	1
126	127	4
123	130	2
125	132	2
134	135	1
136	140	1
138	140	2
126	142	2
127	142	2
96	143	2
3	144	2
6	144	2
32	144	4
35	144	2
52	144	1
57	144	2
59	144	2
61	144	2
62	144	4
69	144	2
107	144	2
127	144	2
142	144	2
91	145	1
125	145	2
132	145	2
6	146	2
53	146	1
57	146	2
91	146	1
92	146	2
109	146	2
134	146	1
144	146	114
54	149	1
93	149	2
148	151	2
38	152	2
48	152	2
56	152	1
60	152	1
84	152	1
95	152	1
110	152	1
113	152	1
146	152	4
52	153	2
144	153	5
146	153	5
149	153	3
74	154	1
76	154	2
95	154	1
101	154	2
104	154	2
146	154	5
5	156	4
120	156	2
143	156	2
5	157	4
144	157	4
145	157	2
5	158	4
156	158	4
157	158	4
158	160	2
144	161	1
146	161	1
144	163	2
145	163	1
158	163	2
161	163	1
88	164	2
134	166	1
145	166	1
139	167	2
166	167	2
156	168	2
166	168	2
5	169	4
156	169	2
167	169	2
39	172	2
77	172	1
117	172	2
146	172	2
152	172	1
39	173	2
117	173	2
171	173	1
16	175	2
17	175	3
145	175	2
177	178	2
8	181	2
11	181	2
178	181	2
134	182	2
145	182	1
146	182	3
145	183	2
154	183	3
144	184	2
12	185	1
26	185	2
27	185	2
30	185	2
33	185	2
40	185	2
44	185	2
46	185	2
50	185	2
56	185	1
63	185	2
68	185	2
70	185	3
78	185	2
79	185	1
83	185	1
84	185	1
88	185	4
91	185	1
93	185	1
97	185	2
112	185	4
116	185	4
124	185	1
127	185	2
128	185	2
134	185	1
135	185	1
139	185	2
140	185	1
144	185	5
152	185	7
154	185	9
172	185	2
173	185	2
178	185	2
182	185	2
184	185	4
184	186	1
185	186	3
131	187	2
145	187	1
175	187	2
183	187	2
110	189	1
12	192	2
185	193	1
146	196	2
57	197	2
145	197	4
185	197	2
187	197	2
195	197	2
121	198	2
87	200	1
185	200	2
13	201	1
87	201	1
200	201	1
13	204	1
61	204	2
69	204	1
88	204	25
89	204	2
108	204	2
113	204	3
127	204	2
135	204	1
136	204	1
144	204	16
145	204	3
152	204	2
183	204	2
185	204	15
201	204	1
204	205	2
0	206	2
88	206	2
124	207	1
134	207	1
145	207	3
146	207	8
185	207	5
197	207	2
204	207	12
127	209	2
133	209	2
200	209	1
87	210	1
198	210	4
88	211	2
192	211	2
203	212	2
88	213	2
89	213	2
185	214	3
209	215	2
88	216	2
185	216	2
194	216	3
204	216	2
0	217	4
185	218	1
193	218	1
5	219	1
60	219	1
95	219	1
98	219	2
127	219	3
185	219	10
201	219	1
209	219	1
87	220	2
185	220	6
60	221	1
219	221	1
88	222	2
204	222	2
88	223	2
122	224	1
185	225	1
186	225	1
6	226	2
23	226	2
24	226	2
25	226	2
26	226	2
28	226	2
38	226	2
40	226	2
41	226	2
45	226	2
47	226	2
49	226	2
76	226	2
98	226	2
101	226	2
102	226	2
106	226	2
107	226	2
115	226	2
120	226	4
152	226	5
156	226	2
187	226	1
190	226	2
198	226	2
210	226	2
5	227	2
6	227	2
25	227	2
26	227	2
27	227	2
45	227	2
46	227	2
47	227	2
67	227	2
86	227	1
98	227	2
103	227	2
106	227	2
187	227	1
190	227	2
204	227	5
206	227	2
207	227	1
214	227	2
217	227	2
226	227	73
26	228	2
80	228	1
95	228	1
108	228	2
121	228	2
127	228	2
138	228	4
139	228	2
142	228	2
159	228	2
163	228	2
167	228	2
180	228	1
187	228	2
198	228	4
205	228	2
206	228	2
210	228	2
217	228	2
0	229	2
27	229	2
35	229	2
38	229	2
43	229	2
79	229	1
84	229	1
95	229	1
97	229	2
127	229	2
129	229	2
139	229	2
142	229	2
159	229	2
167	229	2
176	229	1
182	229	2
185	229	8
210	229	2
12	230	1
127	230	2
145	230	1
146	230	5
158	230	2
182	230	2
187	230	3
189	230	1
197	230	2
202	230	1
204	230	9
207	230	3
226	230	2
227	230	2
217	231	4
79	232	1
80	232	1
81	232	1
152	232	2
184	233	1
186	233	1
144	234	3
146	234	3
144	235	2
146	235	2
234	235	1
146	236	2
2	237	2
6	237	2
185	237	3
237	239	1
6	242	2
226	242	2
237	242	5
238	242	2
240	242	4
239	243	1
5	244	2
146	244	5
162	244	2
204	244	1
242	244	4
226	245	1
227	245	1
135	247	2
146	247	2
11	248	1
185	250	1
185	251	1
185	252	1
251	252	1
252	254	1
185	255	1
243	256	1
146	257	1
144	258	1
160	258	2
185	258	2
257	258	1
185	259	1
193	259	1
218	259	1
185	260	2
204	262	2
230	262	2
201	266	1
219	266	1
85	267	2
88	267	2
88	268	2
108	268	2
204	268	2
77	269	1
154	269	1
79	271	1
80	271	1
82	271	1
185	271	2
79	272	1
80	272	1
83	272	1
146	272	1
215	272	1
55	273	1
122	273	2
127	274	2
152	276	1
100	277	1
118	277	1
154	279	2
172	279	2
173	279	2
72	280	1
222	281	2
232	281	2
185	282	1
185	283	1
173	284	2
227	284	3
152	285	1
45	287	2
173	287	2
279	288	2
47	289	2
172	289	2
46	290	2
172	290	2
185	290	2
25	291	2
172	291	2
173	291	2
185	292	3
220	292	2
227	292	4
229	292	1
185	293	1
230	293	1
146	294	2
160	294	2
175	294	2
185	294	6
227	294	2
228	294	1
229	294	1
230	294	1
258	294	2
114	295	2
190	296	2
227	296	2
74	297	1
101	297	2
103	297	2
106	297	2
219	297	1
266	297	1
279	297	2
294	297	4
10	298	2
145	299	2
146	299	2
209	299	2
271	299	2
92	300	2
185	301	2
197	301	2
204	303	1
230	303	1
144	305	4
152	305	2
185	305	4
245	306	1
246	306	1
185	307	1
284	307	1
102	308	2
173	308	2
285	308	2
144	310	2
146	310	2
204	310	1
207	310	1
260	310	2
51	311	2
68	311	2
70	311	3
185	311	4
312	313	1
185	314	1
118	315	2
204	315	1
230	315	1
303	315	2
297	316	1
144	317	1
146	317	1
185	317	1
185	318	1
230	318	1
144	320	2
146	320	2
319	320	2
144	321	2
146	322	5
148	322	1
185	322	1
146	323	1
144	324	2
322	324	2
146	325	4
146	326	2
325	326	2
144	327	2
325	327	2
144	328	4
185	329	2
126	331	2
328	331	2
146	332	2
328	332	2
146	333	3
185	333	3
142	334	2
146	335	2
185	335	1
103	336	2
286	336	2
230	337	1
73	339	2
144	341	1
185	341	1
334	341	1
77	342	1
276	342	1
230	343	2
274	343	2
183	346	1
345	346	1
145	347	2
344	347	2
72	348	1
146	348	2
204	348	2
280	348	1
157	349	2
7	351	2
20	351	2
22	352	1
351	352	3
17	353	1
20	353	2
148	354	1
153	354	1
243	354	1
256	354	1
14	355	1
351	355	1
226	356	2
227	356	2
292	356	2
5	359	2
165	360	1
188	361	1
360	361	2
225	362	1
62	363	2
144	363	2
204	363	2
114	364	2
172	364	1
173	364	1
185	364	7
197	364	1
230	364	1
301	364	2
154	367	1
185	368	1
144	369	1
146	369	1
154	369	1
172	369	1
285	369	1
367	369	1
13	370	1
144	372	2
5	373	4
157	373	2
172	373	2
173	373	2
185	374	2
284	374	2
307	374	1
13	375	1
146	375	3
219	375	2
292	375	4
362	375	1
237	378	1
242	378	1
344	379	2
186	380	1
226	380	2
227	380	2
232	380	1
170	381	2
185	381	1
227	381	2
232	381	1
380	381	3
10	382	2
185	382	1
339	382	2
185	383	1
382	383	3
119	384	2
9	385	2
9	386	2
299	386	2
173	387	1
275	387	1
152	388	2
185	388	2
146	389	2
152	390	2
192	390	2
26	391	2
74	391	1
88	391	2
152	391	2
185	391	5
192	391	2
204	391	2
297	391	3
173	393	2
287	393	2
297	393	2
88	394	1
269	394	2
172	395	1
230	396	2
262	396	2
371	397	2
146	398	2
305	398	2
185	399	1
232	399	1
105	400	2
154	400	2
173	400	2
290	400	2
297	400	2
172	401	2
297	401	2
366	402	2
389	402	2
144	403	2
161	403	1
392	403	1
163	404	1
49	405	2
134	405	2
226	405	2
243	406	1
9	407	5
32	407	2
57	407	2
58	407	1
61	407	2
66	407	1
73	407	6
93	407	1
96	407	2
135	407	2
142	407	2
146	407	36
152	407	4
153	407	3
156	407	2
175	407	5
183	407	6
184	407	2
198	407	2
199	407	2
201	407	1
204	407	14
207	407	5
215	407	1
216	407	2
229	407	4
230	407	5
247	407	2
268	407	2
272	407	1
297	407	2
298	407	4
299	407	4
301	407	2
339	407	2
341	407	2
344	407	2
345	407	2
348	407	2
359	407	2
367	407	1
369	407	1
375	407	3
380	407	1
382	407	4
385	407	2
386	407	2
398	407	2
88	408	2
144	408	2
146	408	2
185	408	1
297	408	1
305	408	2
333	409	1
186	410	1
370	410	1
148	411	1
185	411	5
237	411	2
333	411	2
63	412	2
146	412	2
226	412	2
152	413	1
263	413	1
289	413	2
152	414	1
264	414	1
144	415	2
210	415	2
90	416	2
109	416	1
144	416	2
146	416	2
185	416	4
265	416	1
407	416	3
380	417	1
407	417	1
175	419	2
185	419	2
152	420	2
226	420	2
281	420	2
48	421	2
152	421	2
297	421	2
398	421	2
186	422	1
232	422	1
146	423	2
422	424	1
5	425	2
54	425	1
100	425	1
118	425	1
123	425	2
130	425	2
172	425	2
175	425	2
195	425	2
196	425	2
199	425	2
203	425	2
207	425	4
215	425	1
221	425	2
277	425	1
298	425	2
302	425	2
345	425	1
346	425	1
348	425	1
407	425	2
412	425	2
413	425	2
38	426	2
87	426	2
98	426	2
118	426	2
144	426	4
165	426	1
170	426	2
185	426	6
202	426	1
211	426	2
219	426	5
305	426	2
360	426	2
375	426	2
381	426	4
390	426	2
391	426	2
394	426	2
407	426	2
416	426	2
107	427	2
407	427	2
185	428	2
322	428	1
333	428	1
411	428	2
144	429	2
146	429	2
146	430	2
185	430	3
298	430	1
383	430	1
386	430	1
146	431	2
228	431	2
229	431	2
55	432	1
171	433	1
263	433	1
413	433	1
154	434	1
175	434	1
183	434	1
226	434	2
227	434	2
364	434	1
381	434	2
113	435	2
204	435	2
226	435	2
227	435	2
434	435	4
34	436	2
154	436	2
175	436	1
183	436	1
342	436	1
407	436	1
146	437	2
314	437	1
425	437	2
201	438	4
219	438	1
294	438	1
411	438	2
426	438	1
92	439	2
185	439	2
300	439	2
411	439	4
144	440	2
146	440	2
204	440	2
407	440	2
185	441	2
201	441	1
202	441	1
237	442	1
300	442	2
411	442	5
438	442	2
439	442	4
146	443	2
228	444	2
407	444	2
443	444	2
51	445	1
185	445	1
50	446	1
136	447	1
9	448	1
73	448	2
129	448	2
228	448	2
407	448	3
216	449	3
144	450	1
146	450	1
185	450	1
230	450	1
230	451	2
17	18	1
18	19	1
41	42	2
29	89	2
96	97	2
13	144	2
58	144	1
107	146	2
135	146	2
148	153	3
77	154	1
33	165	2
158	169	2
144	174	2
177	180	1
181	185	2
145	195	2
185	196	1
121	197	2
146	199	2
195	199	2
182	207	1
204	212	2
5	221	1
29	226	2
105	226	2
217	226	2
0	227	2
64	227	2
99	227	1
116	227	2
79	228	1
82	228	1
88	228	3
129	228	2
182	228	2
81	229	1
141	229	2
217	229	2
111	230	1
153	230	2
186	232	5
152	243	1
207	244	1
185	253	1
146	258	1
164	267	2
155	271	1
144	284	2
190	285	2
173	286	2
172	287	2
173	290	2
191	292	2
145	294	2
102	297	2
298	299	5
146	302	4
185	304	1
297	308	2
265	315	1
146	327	2
331	334	2
270	342	2
204	346	1
14	351	2
107	359	2
232	362	1
350	365	2
173	369	1
226	373	3
228	373	2
284	373	7
376	378	1
214	381	2
232	384	4
172	387	1
227	388	1
31	391	2
304	399	1
172	400	2
146	403	2
185	407	20
219	407	2
220	407	2
260	407	2
389	407	2
322	411	1
145	413	2
156	416	2
154	421	4
226	421	2
52	425	2
150	425	1
153	425	4
294	425	2
335	425	1
361	426	2
73	443	2
140	447	1
