1	2	1
3	5	2
5	6	2
16	17	1
7	22	1
27	30	2
26	38	4
37	43	2
35	44	2
5	60	1
51	68	1
51	70	1
50	71	1
31	75	2
40	78	2
81	83	1
82	83	1
88	89	2
67	90	2
93	94	1
6	98	2
24	102	2
46	106	2
5	107	4
67	108	4
88	108	2
85	120	2
59	123	2
61	127	3
123	127	2
126	127	4
127	131	2
127	133	2
130	134	2
134	135	1
138	140	2
6	144	2
32	144	4
35	144	2
53	144	1
59	144	2
124	144	1
135	144	2
142	144	2
72	145	2
91	145	1
125	145	2
134	145	3
144	145	9
6	146	2
32	146	4
36	146	4
52	146	1
58	146	1
59	146	2
72	146	2
92	146	2
127	146	2
142	146	2
144	146	114
144	148	4
52	149	2
54	149	1
12	152	1
38	152	2
55	152	1
56	152	1
57	152	2
100	152	1
110	152	1
113	152	1
146	153	5
150	153	1
41	154	2
42	154	2
105	154	2
145	154	4
5	156	4
120	156	2
143	156	2
5	157	4
146	157	2
144	158	4
146	161	1
65	163	2
144	163	2
134	166	1
144	166	2
146	166	3
139	167	2
5	168	4
166	168	2
5	169	4
167	169	2
95	171	1
39	172	2
152	172	1
171	172	1
77	173	1
172	173	23
172	174	2
17	175	3
144	175	6
146	175	4
177	178	2
8	181	2
11	181	2
15	181	2
16	181	2
175	182	2
136	183	1
144	183	4
154	183	3
175	183	9
146	184	2
1	185	1
4	185	2
12	185	1
23	185	2
25	185	2
26	185	2
31	185	4
39	185	4
46	185	2
49	185	2
50	185	2
63	185	2
79	185	1
80	185	1
87	185	7
88	185	4
94	185	1
96	185	2
110	185	3
112	185	4
117	185	2
140	185	1
144	185	5
146	185	8
147	185	2
160	185	4
182	185	2
184	185	4
131	187	2
152	189	1
185	190	2
88	192	2
185	194	2
194	195	2
145	196	2
145	197	4
185	197	2
195	197	2
196	197	3
145	199	2
87	200	1
87	201	1
144	201	1
185	202	1
12	204	2
30	204	2
61	204	2
69	204	1
124	204	1
127	204	2
134	204	1
144	204	16
152	204	2
170	204	2
185	204	15
197	204	4
201	204	1
203	204	2
144	205	2
146	205	2
204	206	4
69	207	1
134	207	1
144	207	5
145	207	3
153	207	1
185	209	3
88	211	2
192	211	2
204	211	2
88	213	2
89	213	2
127	215	2
133	215	2
199	216	2
193	218	1
126	219	2
127	219	3
152	219	1
201	219	1
209	219	1
192	223	2
204	223	2
122	224	1
186	225	1
0	226	2
23	226	2
25	226	2
27	226	2
38	226	2
43	226	2
46	226	2
63	226	4
64	226	2
86	226	1
106	226	2
154	226	2
185	226	15
207	226	1
5	227	2
24	227	2
25	227	2
27	227	2
28	227	2
40	227	2
43	227	2
49	227	2
67	227	2
101	227	2
103	227	2
104	227	2
107	227	2
108	227	2
115	227	2
156	227	2
198	227	2
204	227	5
207	227	1
210	227	2
226	227	73
27	228	2
44	228	2
80	228	1
95	228	1
127	228	2
159	228	2
163	228	2
180	228	1
185	228	8
187	228	2
198	228	4
26	229	2
38	229	2
43	229	2
80	229	1
82	229	1
83	229	1
84	229	1
88	229	3
95	229	1
121	229	2
127	229	2
128	229	2
129	229	2
138	229	4
139	229	2
140	229	2
142	229	2
163	229	2
167	229	2
180	229	1
185	229	8
187	229	2
205	229	2
210	229	2
88	230	4
126	230	2
127	230	2
144	230	5
145	230	1
197	230	2
208	230	2
226	230	2
79	232	1
80	232	1
81	232	1
184	232	1
221	232	2
228	232	3
184	233	1
232	233	1
146	234	3
144	235	2
234	235	1
144	236	2
146	236	2
2	237	2
6	237	2
144	237	4
185	237	3
185	238	2
226	238	2
237	239	1
3	242	2
6	242	2
238	242	2
240	242	4
239	243	1
5	244	2
144	244	5
146	244	5
153	244	3
237	244	4
242	244	4
185	245	3
204	245	1
124	247	1
146	247	2
181	248	1
56	249	2
185	254	2
251	254	1
252	254	1
185	255	1
239	256	2
144	258	1
257	258	1
49	260	2
197	260	2
204	262	2
109	265	1
154	266	1
201	266	1
219	266	1
185	268	2
219	268	2
77	269	1
154	270	2
79	271	1
146	272	1
55	273	1
122	273	2
224	273	1
126	274	2
152	276	1
104	279	2
154	279	2
172	279	2
173	279	2
204	281	2
222	281	2
226	281	2
282	283	1
146	284	2
150	284	1
173	284	2
227	284	3
229	284	2
152	285	1
172	285	3
185	285	2
172	286	2
45	287	2
173	287	2
185	287	2
279	288	2
47	289	2
185	290	2
25	291	2
172	291	2
173	291	2
185	291	2
185	292	3
220	292	2
229	292	1
146	294	2
160	294	2
183	294	2
227	294	2
228	294	1
292	294	3
44	296	2
31	297	2
44	297	2
101	297	2
104	297	2
105	297	2
145	297	2
146	297	2
183	297	2
294	297	4
145	298	2
10	299	2
145	299	2
185	299	5
187	301	2
197	301	2
204	303	1
230	303	1
249	303	1
232	304	1
144	305	4
146	305	4
152	305	2
185	306	1
245	306	1
185	307	1
284	307	1
102	308	2
185	309	1
152	310	2
230	310	1
260	310	2
51	311	2
185	312	1
255	312	1
312	313	1
313	314	1
207	315	1
230	315	1
303	315	2
154	316	1
278	316	2
297	316	1
185	317	1
144	319	4
146	320	2
319	320	2
319	321	2
148	322	1
185	322	1
146	323	1
322	324	2
144	325	4
144	326	2
146	326	2
144	328	4
185	329	2
126	331	2
144	331	3
146	331	3
328	331	2
146	332	2
328	332	2
126	334	2
185	334	2
230	334	1
144	335	2
185	335	1
103	336	2
173	336	2
185	337	1
230	338	1
73	339	2
337	340	1
185	341	1
334	341	1
338	341	1
154	342	5
276	342	1
297	342	2
127	343	2
183	346	1
345	346	1
72	347	2
145	347	2
146	347	2
144	348	2
157	349	2
7	351	2
17	351	1
21	351	2
148	351	1
14	352	2
351	352	3
17	353	1
239	354	1
351	355	1
165	360	1
165	361	1
188	361	1
62	363	2
144	363	2
59	364	2
114	364	2
173	364	1
185	364	7
295	364	2
301	364	2
144	367	1
185	368	1
285	369	1
367	369	1
146	370	1
185	370	3
33	371	2
311	372	1
157	373	2
173	373	2
185	374	2
372	374	1
13	375	1
144	375	3
146	375	3
185	375	3
192	375	2
225	375	1
232	375	1
247	375	2
292	375	4
362	375	1
237	377	1
242	378	1
347	379	2
186	380	1
227	380	2
154	381	2
185	381	1
192	381	2
226	381	2
380	381	3
134	382	2
182	382	2
382	383	3
119	384	2
152	384	2
9	385	2
299	386	2
275	387	1
152	388	2
185	388	2
226	388	1
228	388	1
381	388	2
146	389	2
350	389	2
366	389	2
192	390	2
211	390	2
74	391	1
88	391	2
204	391	2
275	391	2
297	391	3
161	392	1
154	393	2
173	393	2
297	393	2
276	394	1
42	395	1
173	395	1
230	396	2
262	396	2
34	398	2
185	399	1
172	401	2
389	402	2
392	403	1
163	404	1
49	405	2
134	405	2
152	406	1
405	406	2
1	407	1
9	407	5
13	407	2
32	407	2
58	407	1
66	407	1
73	407	6
94	407	1
107	407	4
121	407	2
124	407	1
132	407	2
152	407	4
154	407	4
156	407	2
175	407	5
183	407	6
187	407	2
204	407	14
205	407	2
227	407	2
228	407	4
230	407	5
244	407	3
265	407	2
268	407	2
282	407	1
297	407	2
299	407	4
301	407	2
310	407	6
315	407	1
339	407	2
380	407	1
382	407	4
385	407	2
386	407	2
144	408	2
154	408	1
197	408	2
214	408	2
226	408	2
316	408	1
407	408	2
237	409	1
333	409	1
368	409	1
186	410	1
148	411	1
185	411	5
63	412	2
145	412	2
146	412	2
185	412	2
95	413	1
154	413	4
172	413	2
173	413	2
263	413	1
289	413	2
185	415	2
109	416	1
144	416	2
146	416	2
265	416	1
407	416	3
145	418	1
281	420	2
48	421	2
144	421	2
146	421	2
152	421	2
227	421	2
398	421	2
186	422	1
232	422	1
144	423	2
146	423	2
5	425	2
130	425	2
145	425	11
146	425	14
172	425	2
185	425	8
195	425	2
196	425	2
199	425	2
204	425	4
207	425	4
232	425	2
242	425	4
245	425	1
272	425	1
280	425	1
348	425	1
357	425	1
365	425	2
405	425	2
412	425	2
118	426	2
144	426	4
146	426	4
165	426	1
211	426	2
223	426	2
270	426	2
360	426	2
375	426	2
394	426	2
5	427	2
359	427	2
237	428	1
144	429	2
146	429	2
144	430	2
185	430	3
97	431	2
228	431	2
229	431	2
154	433	1
263	433	1
226	434	2
228	434	2
229	434	2
434	435	4
183	436	1
276	436	1
407	436	1
146	437	2
185	437	1
313	437	1
266	438	1
411	438	2
92	439	2
411	439	4
438	439	2
407	440	2
333	442	1
144	443	2
235	443	1
331	443	1
229	444	2
68	445	1
185	445	1
9	448	1
129	448	2
185	448	1
228	448	2
318	448	1
341	448	2
185	449	2
144	450	1
146	450	1
243	450	1
317	450	1
185	451	2
230	451	2
184	452	4
17	18	1
18	19	1
41	42	2
96	97	2
107	146	2
135	146	2
148	153	3
102	154	2
33	165	2
115	170	2
78	173	1
144	174	2
177	180	1
0	185	2
60	185	1
71	185	1
81	185	1
90	185	2
136	185	2
145	195	2
185	196	1
121	197	2
183	197	2
195	199	2
182	207	1
30	211	2
204	212	2
185	215	1
192	219	3
5	221	1
29	226	2
88	226	4
105	226	2
217	226	2
41	227	2
99	227	1
116	227	2
88	228	3
129	228	2
44	229	2
108	229	2
111	230	1
227	242	2
152	243	1
207	244	1
185	253	1
237	256	1
164	267	2
155	271	1
88	281	2
153	284	1
226	294	2
266	294	1
175	301	2
265	315	1
151	317	1
146	324	2
329	330	2
331	334	2
333	334	1
185	340	1
185	344	2
185	345	3
5	349	4
232	362	1
146	363	2
227	373	3
284	373	7
172	387	1
342	387	1
88	388	2
172	400	2
65	407	1
127	407	2
185	407	20
283	407	1
294	407	2
389	407	2
145	413	2
156	416	2
76	421	2
154	421	4
52	425	2
134	425	10
182	425	3
335	425	1
152	426	6
361	426	2
173	433	1
185	438	5
92	442	2
128	444	2
140	447	1
448	450	1
