1	2	1
3	5	2
7	22	1
27	30	2
32	36	2
35	36	2
26	38	4
57	58	2
5	60	1
61	62	2
6	67	2
28	75	2
81	83	1
82	83	1
81	84	1
37	87	2
85	88	2
88	89	2
93	94	1
74	99	2
45	103	2
46	106	2
67	107	2
88	108	2
115	116	2
39	117	2
55	122	1
59	123	2
61	124	1
124	127	1
110	128	2
111	129	2
138	140	2
138	141	2
127	142	2
6	144	2
32	144	4
53	144	1
59	144	2
62	144	4
92	144	2
121	144	2
135	144	2
144	145	9
13	146	2
32	146	4
53	146	1
125	146	2
144	148	4
93	151	2
37	152	2
48	152	2
55	152	1
84	152	1
111	152	1
113	152	1
139	152	2
42	154	2
44	154	2
103	154	2
5	156	4
5	158	4
139	159	2
158	160	2
146	161	1
65	163	2
159	163	2
156	168	2
158	168	2
156	169	2
77	172	1
171	172	1
39	173	2
77	173	1
152	173	1
172	173	23
146	174	4
17	175	3
144	175	6
145	175	2
17	181	3
178	181	2
175	182	2
136	183	1
144	183	4
175	183	9
4	185	2
12	185	1
44	185	2
46	185	2
47	185	2
66	185	1
68	185	2
69	185	1
79	185	1
80	185	1
82	185	1
87	185	7
93	185	1
97	185	2
111	185	3
112	185	4
114	185	2
134	185	1
135	185	1
139	185	2
140	185	1
145	185	6
158	185	2
178	185	2
184	186	1
110	189	1
152	189	1
88	192	2
185	193	1
185	194	2
194	195	2
145	196	2
57	197	2
88	197	2
175	197	2
87	200	1
12	204	2
30	204	2
88	204	25
108	204	2
144	204	16
145	204	3
183	204	2
185	204	15
196	204	2
203	204	2
0	206	2
69	207	1
88	207	1
124	207	1
146	207	8
152	207	1
197	207	2
133	209	2
185	209	3
192	211	2
154	214	2
185	214	3
152	216	1
206	216	2
0	217	4
87	220	2
219	221	1
192	223	2
204	223	2
122	224	1
6	226	2
24	226	2
25	226	2
27	226	2
38	226	2
63	226	4
67	226	2
98	226	2
101	226	2
103	226	2
104	226	2
107	226	2
108	226	2
116	226	2
120	226	4
156	226	2
206	226	2
207	226	1
210	226	2
49	227	2
63	227	4
67	227	2
76	227	2
88	227	4
98	227	2
101	227	2
102	227	2
105	227	2
107	227	2
198	227	2
206	227	2
210	227	2
0	228	2
26	228	2
80	228	1
97	228	2
140	228	2
142	228	2
167	228	2
179	228	1
198	228	4
204	228	2
205	228	2
210	228	2
35	229	2
43	229	2
67	229	2
82	229	1
83	229	1
95	229	1
121	229	2
127	229	2
128	229	2
138	229	4
142	229	2
179	229	1
185	229	8
210	229	2
228	229	48
126	230	2
144	230	5
152	230	3
182	230	2
201	230	3
226	230	2
80	232	1
152	232	2
184	232	1
186	233	1
234	235	1
146	236	2
234	236	2
6	237	2
146	237	4
185	238	2
237	239	1
3	242	2
6	242	2
162	242	2
185	242	2
144	243	3
146	243	3
237	243	2
146	244	5
162	244	2
242	244	4
146	245	1
185	245	3
187	245	1
204	245	1
207	245	1
226	245	1
227	245	1
185	246	1
146	247	2
181	248	1
185	251	1
185	252	1
250	253	1
185	254	2
250	254	1
251	254	1
252	254	1
185	259	1
185	260	2
112	261	2
204	262	2
219	266	1
85	267	2
204	268	2
219	268	2
154	269	1
154	270	2
79	271	1
185	271	2
155	272	1
215	272	1
224	273	1
126	274	2
88	276	1
282	283	1
149	284	2
151	284	2
172	284	2
226	284	3
228	284	2
229	284	2
172	285	3
173	285	3
173	287	2
172	288	2
173	288	2
172	289	2
185	289	2
172	290	2
229	292	1
175	294	2
229	294	1
292	294	3
114	295	2
44	297	2
101	297	2
105	297	2
154	297	31
183	297	2
296	297	4
9	298	2
145	298	2
9	299	2
209	299	2
271	299	2
187	301	2
197	301	2
249	303	1
146	305	4
152	305	2
185	305	4
284	307	1
154	308	2
173	308	2
285	308	2
183	309	1
199	310	2
216	310	2
118	315	2
230	315	1
185	316	3
144	317	1
185	317	1
230	317	1
144	319	4
146	319	4
319	320	2
144	321	2
319	321	2
144	322	5
146	323	1
230	323	1
144	324	2
146	326	2
146	328	4
142	331	2
146	331	3
328	331	2
144	332	2
144	333	3
146	333	3
154	336	2
286	336	2
185	337	1
73	339	2
144	341	1
230	341	1
334	341	1
297	342	2
230	343	2
183	346	1
185	346	2
72	347	2
146	347	2
204	348	2
280	348	1
18	351	2
22	351	2
7	352	2
351	352	3
17	353	1
227	356	2
292	356	2
185	358	2
188	360	1
165	361	1
188	361	1
360	361	2
185	362	1
144	363	2
59	364	2
123	364	2
195	364	2
295	364	2
144	367	1
237	368	1
285	369	1
367	369	1
13	370	1
33	370	2
144	370	1
186	370	1
70	372	1
185	372	2
157	373	2
284	374	2
307	374	1
13	375	1
185	375	3
247	375	2
237	378	1
242	378	1
344	379	2
185	380	1
186	380	1
227	380	2
232	380	1
154	381	2
192	381	2
134	382	2
10	383	2
9	385	2
185	386	3
173	387	1
278	388	2
144	389	2
365	389	2
152	390	2
192	390	2
211	390	2
26	391	2
88	391	2
192	391	2
204	391	2
161	392	1
154	393	2
297	393	2
275	394	2
105	400	2
154	400	2
297	400	2
172	401	2
144	403	2
392	403	1
49	405	2
134	405	2
226	405	2
134	406	2
152	406	1
5	407	4
32	407	2
66	407	1
93	407	1
107	407	4
109	407	1
135	407	2
142	407	2
144	407	32
156	407	2
183	407	6
197	407	6
198	407	2
204	407	14
205	407	2
206	407	2
207	407	5
227	407	2
244	407	3
265	407	2
272	407	1
298	407	4
315	407	1
341	407	2
386	407	2
398	407	2
227	408	2
185	411	5
237	411	2
185	412	2
226	412	2
227	412	2
173	413	2
263	413	1
289	413	2
144	415	2
109	416	1
144	416	2
146	416	2
265	416	1
380	417	1
175	419	2
152	420	2
152	421	2
227	421	2
186	422	1
232	422	1
144	424	2
123	425	2
146	425	14
154	425	4
162	425	2
174	425	2
185	425	8
199	425	2
207	425	4
242	425	4
249	425	1
272	425	1
277	425	1
303	425	1
334	425	1
345	425	1
382	425	2
405	425	2
413	425	2
419	425	2
98	426	2
165	426	1
202	426	1
211	426	2
360	426	2
381	426	4
407	427	2
237	428	1
174	429	2
97	431	2
109	431	2
144	431	2
146	431	2
229	431	2
122	432	2
224	432	1
273	432	2
413	433	1
172	434	1
175	434	1
228	434	2
381	434	2
407	434	1
113	435	2
185	435	4
204	435	2
226	435	2
34	436	2
434	436	1
302	437	2
201	438	4
294	438	1
92	439	2
300	439	2
438	439	2
144	440	2
331	443	1
407	443	2
311	445	1
185	446	1
9	448	1
73	448	2
230	448	1
216	449	3
185	450	1
208	451	2
184	452	4
58	144	1
35	146	2
67	146	4
145	146	19
78	173	1
144	174	2
15	175	2
0	185	2
81	185	1
145	195	2
121	197	2
192	219	3
5	221	1
29	226	2
99	226	1
217	226	2
41	227	2
108	229	2
217	229	2
153	230	2
225	232	1
229	232	3
5	242	4
227	242	2
155	271	1
230	274	2
88	281	2
173	286	2
172	287	2
191	292	2
201	294	1
266	294	1
146	302	4
265	315	1
146	327	2
172	336	2
73	341	2
5	349	4
107	359	2
146	363	2
173	369	1
284	373	7
376	378	1
214	381	2
88	388	2
304	399	1
127	407	2
185	407	20
219	407	2
260	407	2
283	407	1
145	413	2
220	415	2
156	416	2
146	424	2
134	425	10
150	425	1
284	425	1
37	426	2
152	426	6
382	430	1
173	433	1
229	435	2
230	441	2
92	442	2
140	447	1
