3	5	2
2	6	2
8	11	1
8	15	1
15	16	1
21	22	1
28	29	2
27	30	2
32	36	2
26	38	4
41	48	2
52	53	1
57	58	2
5	60	1
63	64	2
51	70	1
68	70	1
50	71	1
82	83	1
37	87	2
12	88	2
88	89	2
74	99	2
24	102	2
45	103	2
25	104	2
67	107	2
12	111	1
88	113	2
115	116	2
100	118	1
114	119	2
61	124	1
123	127	2
126	127	4
111	129	2
123	134	2
134	135	1
138	141	2
126	142	2
127	142	2
3	144	2
6	144	2
36	144	4
57	144	2
62	144	4
67	144	4
109	144	2
121	144	2
127	144	2
142	144	2
125	145	2
3	146	2
6	146	2
57	146	2
91	146	1
92	146	2
109	146	2
121	146	2
125	146	2
142	146	2
144	146	114
4	147	2
93	149	2
93	151	2
146	151	3
148	151	2
149	151	2
12	152	1
29	152	2
32	152	2
38	152	2
48	152	2
55	152	1
56	152	1
86	152	1
100	152	1
110	152	1
113	152	1
146	152	4
52	153	2
149	153	3
48	154	2
103	154	2
105	154	2
144	154	1
145	154	4
146	154	5
5	156	4
5	157	4
145	158	2
139	159	2
144	161	1
146	161	1
144	163	2
159	163	2
85	164	2
139	167	2
166	167	2
5	168	4
158	168	2
166	168	2
39	172	2
117	172	2
146	172	2
152	172	1
171	172	1
39	173	2
152	173	1
172	173	23
146	174	4
17	175	3
144	175	6
8	181	2
11	181	2
17	181	3
175	181	6
178	181	2
134	182	2
1	185	1
4	185	2
25	185	2
27	185	2
31	185	4
33	185	2
39	185	4
41	185	2
42	185	3
46	185	2
49	185	2
56	185	1
63	185	2
69	185	1
70	185	3
75	185	4
79	185	1
82	185	1
83	185	1
93	185	1
94	185	1
114	185	2
116	185	4
117	185	2
124	185	1
127	185	2
135	185	1
140	185	1
146	185	8
147	185	2
154	185	9
156	185	2
158	185	2
172	185	2
182	185	2
184	185	4
131	187	2
183	187	2
185	187	4
110	189	1
185	190	2
185	193	1
88	197	2
144	197	4
145	197	4
175	197	2
195	197	2
196	197	3
197	199	2
185	200	2
13	201	1
144	201	1
185	202	1
185	203	2
13	204	1
30	204	2
89	204	2
113	204	3
127	204	2
145	204	3
183	204	2
185	204	15
192	204	2
196	204	2
201	204	1
146	205	2
69	207	1
124	207	1
134	207	1
196	207	2
127	209	2
133	209	2
185	209	3
198	210	4
88	211	2
88	213	2
154	214	2
185	214	3
152	216	1
206	216	2
0	217	4
193	218	1
5	219	1
154	219	2
201	219	1
60	221	1
203	221	2
204	223	2
0	226	2
6	226	2
23	226	2
24	226	2
38	226	2
41	226	2
43	226	2
47	226	2
64	226	2
98	226	2
103	226	2
106	226	2
107	226	2
120	226	4
152	226	5
185	226	15
190	226	2
198	226	2
206	226	2
207	226	1
5	227	2
6	227	2
25	227	2
26	227	2
27	227	2
28	227	2
40	227	2
43	227	2
46	227	2
86	227	1
101	227	2
104	227	2
107	227	2
108	227	2
120	227	4
198	227	2
206	227	2
217	227	2
26	228	2
44	228	2
67	228	2
80	228	1
83	228	1
97	228	2
121	228	2
128	228	2
139	228	2
140	228	2
141	228	2
152	228	3
159	228	2
167	228	2
176	228	1
185	228	8
198	228	4
205	228	2
206	228	2
210	228	2
217	228	2
26	229	2
38	229	2
67	229	2
79	229	1
80	229	1
84	229	1
95	229	1
127	229	2
128	229	2
140	229	2
152	229	3
177	229	1
182	229	2
185	229	8
204	229	2
88	230	4
144	230	5
145	230	1
189	230	1
202	230	1
204	230	9
210	230	1
219	230	2
227	230	2
217	231	4
80	232	1
81	232	1
82	232	1
84	232	1
184	232	1
203	232	2
184	233	1
144	234	3
144	236	2
146	236	2
234	236	2
6	237	2
185	238	2
226	238	2
162	242	2
185	242	2
226	242	2
237	242	5
239	243	1
204	244	1
230	244	2
242	244	4
145	245	1
187	245	1
185	246	1
245	246	1
61	247	1
146	247	2
11	248	1
175	248	1
237	248	1
239	248	1
56	249	2
134	249	1
185	251	1
185	254	2
243	256	1
257	258	1
185	260	2
154	263	1
109	265	1
185	268	2
204	268	2
219	268	2
77	269	1
82	271	1
79	272	1
81	272	1
82	272	1
185	272	1
122	273	2
224	273	1
126	274	2
152	275	2
154	276	1
185	278	4
172	279	2
72	280	1
222	281	2
226	281	2
227	281	2
282	283	1
149	284	2
173	284	2
226	284	3
228	284	2
173	285	3
185	285	2
173	287	2
185	287	2
172	288	2
185	289	2
46	290	2
25	291	2
172	291	2
185	291	2
227	292	4
228	292	1
229	292	1
185	293	1
230	293	1
160	294	2
227	294	2
229	294	1
230	294	1
258	294	2
292	294	3
44	296	2
190	296	2
226	296	2
76	297	2
104	297	2
106	297	2
154	297	31
214	297	2
219	297	1
296	297	4
9	298	2
9	299	2
145	299	2
185	299	5
271	299	2
183	301	2
185	301	2
187	301	2
230	303	1
249	303	1
232	304	1
144	305	4
146	305	4
152	305	2
185	305	4
185	306	1
245	306	1
185	307	1
102	308	2
285	308	2
182	309	1
183	309	1
185	309	1
152	310	2
207	310	1
216	310	2
68	311	2
185	311	4
255	312	1
118	315	2
230	315	1
230	317	1
230	318	1
146	320	2
144	321	2
146	322	5
148	322	1
230	323	1
322	323	1
144	324	2
322	324	2
144	325	4
146	325	4
144	326	2
325	326	2
176	329	2
126	331	2
146	331	3
328	331	2
146	332	2
144	333	3
146	333	3
142	334	2
323	334	1
146	335	2
173	336	2
185	337	1
230	337	1
230	338	1
337	340	1
146	341	1
230	341	1
154	342	5
275	342	1
183	346	1
72	347	2
344	347	2
142	348	2
157	349	2
7	351	2
19	351	2
20	351	2
22	351	2
148	351	1
153	351	1
14	352	2
19	353	2
256	354	1
351	354	1
14	355	1
227	356	2
50	358	2
71	358	1
5	359	2
165	360	1
188	360	1
165	361	1
188	361	1
185	362	1
225	362	1
114	364	2
185	364	7
295	364	2
301	364	2
146	367	1
154	367	1
144	369	1
146	369	1
152	369	1
154	369	1
172	369	1
367	369	1
33	370	2
146	370	1
165	370	2
186	370	1
33	371	2
70	372	1
146	372	2
185	372	2
157	373	2
173	373	2
229	373	2
284	374	2
372	374	1
13	375	1
191	375	2
192	375	2
219	375	2
220	375	2
242	377	1
377	378	1
347	379	2
226	380	2
227	380	2
185	381	1
297	381	2
73	382	2
185	382	1
10	383	2
185	383	1
382	383	3
281	384	2
9	385	2
299	386	2
154	387	1
381	388	2
32	389	2
144	389	2
152	389	2
366	389	2
152	390	2
26	391	2
74	391	1
88	391	2
154	391	3
185	391	5
275	391	2
154	393	2
152	394	7
270	394	2
276	394	1
262	396	2
185	399	1
232	399	1
101	401	2
154	401	2
144	403	2
161	403	1
185	403	1
144	404	1
226	405	2
227	405	2
243	406	1
405	406	2
1	407	1
9	407	5
13	407	2
57	407	2
59	407	2
61	407	2
69	407	2
94	407	1
96	407	2
124	407	1
125	407	2
142	407	2
143	407	4
152	407	4
187	407	2
204	407	14
206	407	2
226	407	2
227	407	2
229	407	4
244	407	3
247	407	2
299	407	4
305	407	4
341	407	2
367	407	1
369	407	1
370	407	1
380	407	1
382	407	4
398	407	2
185	408	1
197	408	2
227	408	2
297	408	1
305	408	2
316	408	1
407	408	2
237	409	1
186	410	1
370	410	1
92	411	2
300	411	2
63	412	2
145	412	2
154	412	2
226	412	2
227	412	2
95	413	1
146	413	2
152	413	1
172	413	2
263	413	1
289	413	2
412	413	2
152	414	1
144	415	2
146	415	2
407	415	2
109	416	1
407	416	3
145	418	1
185	418	1
227	420	2
281	420	2
48	421	2
152	421	2
297	421	2
407	421	2
146	423	2
54	425	1
123	425	2
145	425	11
146	425	14
149	425	3
154	425	4
162	425	2
174	425	2
185	425	8
195	425	2
199	425	2
204	425	4
215	425	1
237	425	2
272	425	1
277	425	1
280	425	1
303	425	1
346	425	1
348	425	1
357	425	1
365	425	2
389	425	2
38	426	2
144	426	4
146	426	4
165	426	1
204	426	1
207	426	1
211	426	2
230	426	5
270	426	2
315	426	4
360	426	2
381	426	4
390	426	2
391	426	2
394	426	2
416	426	2
5	427	2
107	427	2
148	428	1
333	428	1
146	429	2
146	430	2
185	430	3
298	430	1
299	430	1
97	431	2
109	431	2
146	431	2
228	431	2
229	431	2
55	432	1
224	432	1
154	433	1
263	433	1
172	434	1
183	434	1
228	434	2
229	434	2
88	435	2
185	435	4
204	435	2
227	435	2
34	436	2
154	436	2
175	436	1
183	436	1
342	436	1
434	436	1
302	437	2
294	438	1
185	439	2
411	439	4
438	439	2
146	440	2
407	440	2
201	441	1
237	442	1
333	442	1
411	442	5
438	442	2
439	442	4
407	443	2
228	444	2
51	445	1
68	445	1
311	445	1
50	446	1
185	446	1
185	447	1
9	448	1
228	448	2
229	448	2
230	448	1
318	448	1
407	448	3
185	449	2
9	450	1
144	450	1
243	450	1
317	450	1
208	451	2
184	452	4
18	19	1
65	66	1
13	144	2
58	144	1
135	146	2
144	151	3
77	154	1
152	154	3
33	165	2
158	169	2
115	170	2
78	173	1
177	180	1
71	185	1
74	185	3
90	185	2
136	185	2
181	185	2
185	196	1
183	197	2
153	204	1
30	211	2
99	226	1
105	226	2
217	226	2
64	227	2
154	227	2
81	228	1
82	228	1
108	229	2
141	229	2
111	230	1
229	232	3
152	243	1
207	244	1
237	256	1
230	274	2
190	285	2
173	286	2
24	288	2
191	292	2
201	294	1
226	294	2
102	297	2
298	299	5
92	302	2
134	303	1
146	327	2
329	330	2
144	334	2
331	334	2
172	336	2
73	341	2
5	349	4
232	362	1
173	369	1
226	373	3
376	378	1
214	381	2
385	386	3
172	387	1
269	390	2
172	400	2
2	407	1
65	407	1
127	407	2
220	407	2
294	407	2
389	407	2
322	411	1
156	416	2
154	421	4
226	421	2
146	424	2
52	425	2
150	425	1
284	425	1
361	426	2
73	443	2
128	444	2
140	447	1
448	450	1
