1	2	1
3	5	2
2	6	2
5	6	2
8	15	1
15	16	1
20	21	1
7	22	1
21	22	1
28	29	2
27	30	2
32	36	2
35	36	2
26	38	4
27	43	4
37	43	2
35	44	2
52	53	1
57	58	2
5	60	1
56	60	1
61	62	2
63	64	2
6	67	2
51	68	1
58	69	1
68	70	1
50	71	1
28	75	2
40	76	2
79	80	1
81	83	1
82	83	1
81	84	1
37	87	2
30	88	2
85	88	2
93	94	1
6	98	2
74	99	2
86	99	1
84	100	1
45	103	2
25	104	2
5	107	4
88	108	2
12	111	1
88	113	2
88	115	2
39	116	2
115	116	2
39	117	2
85	120	2
55	122	1
61	124	1
69	124	1
126	127	4
61	131	2
125	132	2
123	134	2
130	134	2
134	135	1
136	140	1
96	143	2
6	144	2
32	144	4
36	144	4
52	144	1
57	144	2
59	144	2
61	144	2
62	144	4
69	144	2
92	144	2
107	144	2
109	144	2
121	144	2
124	144	1
127	144	2
142	144	2
72	145	2
125	145	2
132	145	2
134	145	3
144	145	9
3	146	2
13	146	2
36	146	4
52	146	1
53	146	1
57	146	2
58	146	1
59	146	2
61	146	2
62	146	4
69	146	2
72	146	2
91	146	1
124	146	1
132	146	2
144	146	114
144	148	4
93	149	2
93	151	2
146	151	3
149	151	2
12	152	1
29	152	2
32	152	2
38	152	2
48	152	2
55	152	1
56	152	1
57	152	2
60	152	1
84	152	1
87	152	2
88	152	3
95	152	1
110	152	1
139	152	2
52	153	2
54	153	1
144	153	5
146	153	5
149	153	3
42	154	2
44	154	2
74	154	1
76	154	2
101	154	2
104	154	2
105	154	2
106	154	2
145	154	4
5	156	4
120	156	2
143	156	2
144	157	4
145	157	2
146	157	2
5	158	4
144	158	4
145	158	2
157	158	4
144	161	1
65	163	2
144	163	2
145	163	1
158	163	2
134	166	1
144	166	2
145	166	1
146	166	3
5	168	4
156	168	2
166	168	2
167	169	2
39	172	2
152	172	1
171	172	1
39	173	2
117	173	2
172	174	2
11	175	2
16	175	2
17	175	3
145	175	2
146	175	4
154	175	3
177	178	2
8	181	2
11	181	2
15	181	2
175	181	6
178	181	2
134	182	2
144	182	2
146	182	3
175	182	2
136	183	1
144	183	4
154	183	3
175	183	9
144	184	2
146	184	2
2	185	1
12	185	1
23	185	2
24	185	2
25	185	2
27	185	2
28	185	2
31	185	4
33	185	2
39	185	4
40	185	2
42	185	3
44	185	2
46	185	2
47	185	2
49	185	2
50	185	2
51	185	2
56	185	1
63	185	2
66	185	1
68	185	2
70	185	3
78	185	2
79	185	1
80	185	1
82	185	1
83	185	1
84	185	1
87	185	7
88	185	4
94	185	1
96	185	2
97	185	2
110	185	3
111	185	3
112	185	4
114	185	2
115	185	2
117	185	2
124	185	1
126	185	2
127	185	2
128	185	2
134	185	1
135	185	1
139	185	2
140	185	1
143	185	2
145	185	6
146	185	8
147	185	2
152	185	7
154	185	9
158	185	2
159	185	2
160	185	4
173	185	2
178	185	2
183	185	2
185	186	3
131	187	2
182	187	2
183	187	2
185	187	4
152	189	1
185	190	2
12	192	2
88	192	2
98	192	2
185	193	1
185	194	2
146	196	2
57	197	2
145	197	4
175	197	2
196	197	3
121	198	2
87	200	1
13	201	1
87	201	1
144	201	1
146	201	1
200	201	1
185	202	1
185	203	2
13	204	1
62	204	4
88	204	25
108	204	2
115	204	2
124	204	1
134	204	1
135	204	1
145	204	3
152	204	2
192	204	2
201	204	1
88	206	2
185	206	4
204	206	4
205	206	2
88	207	1
124	207	1
134	207	1
144	207	5
146	207	8
153	207	1
196	207	2
127	209	2
133	209	2
200	209	1
87	210	1
146	210	2
198	210	4
88	211	2
185	212	2
154	214	2
127	215	2
133	215	2
146	215	1
55	216	1
88	216	2
152	216	1
194	216	3
199	216	2
204	216	2
206	216	2
0	217	4
185	218	1
193	218	1
60	219	1
98	219	2
127	219	3
152	219	1
154	219	2
185	219	10
201	219	1
60	221	1
203	221	2
219	221	1
88	222	2
122	224	1
185	225	1
186	225	1
5	226	2
6	226	2
24	226	2
26	226	2
38	226	2
40	226	2
41	226	2
43	226	2
47	226	2
48	226	4
49	226	2
63	226	4
86	226	1
102	226	2
104	226	2
107	226	2
115	226	2
120	226	4
154	226	2
185	226	15
187	226	1
190	226	2
198	226	2
204	226	5
206	226	2
207	226	1
210	226	2
214	226	2
5	227	2
23	227	2
24	227	2
25	227	2
26	227	2
27	227	2
28	227	2
29	227	2
45	227	2
47	227	2
48	227	4
49	227	2
67	227	2
76	227	2
85	227	2
101	227	2
102	227	2
103	227	2
104	227	2
106	227	2
152	227	5
187	227	1
204	227	5
206	227	2
210	227	2
214	227	2
217	227	2
0	228	2
27	228	2
35	228	2
43	228	2
44	228	2
67	228	2
80	228	1
83	228	1
84	228	1
97	228	2
108	228	2
121	228	2
127	228	2
138	228	4
139	228	2
141	228	2
142	228	2
152	228	3
163	228	2
167	228	2
176	228	1
177	228	1
179	228	1
185	228	8
198	228	4
204	228	2
205	228	2
206	228	2
210	228	2
0	229	2
35	229	2
43	229	2
67	229	2
80	229	1
82	229	1
88	229	3
97	229	2
121	229	2
127	229	2
128	229	2
138	229	4
139	229	2
140	229	2
142	229	2
159	229	2
163	229	2
171	229	1
177	229	1
179	229	1
182	229	2
204	229	2
205	229	2
210	229	2
228	229	48
12	230	1
88	230	4
144	230	5
145	230	1
146	230	5
152	230	3
158	230	2
182	230	2
185	230	35
187	230	3
189	230	1
196	230	1
200	230	1
201	230	3
210	230	1
220	230	2
226	230	2
229	230	4
137	231	4
217	231	4
80	232	1
82	232	1
119	232	2
152	232	2
184	232	1
203	232	2
221	232	2
228	232	3
186	233	1
232	233	1
234	235	1
144	236	2
146	236	2
234	236	2
2	237	2
6	237	2
146	237	4
162	237	2
185	238	2
226	238	2
237	239	1
238	241	2
2	242	2
162	242	2
226	242	2
238	242	2
144	243	3
146	243	3
237	243	2
144	244	5
146	244	5
153	244	3
162	244	2
204	244	1
230	244	2
242	244	4
146	245	1
182	245	1
185	245	3
207	245	1
226	245	1
185	246	1
61	247	1
127	247	1
144	247	2
146	247	2
11	248	1
175	248	1
181	248	1
237	248	1
239	248	1
56	249	2
185	250	1
185	251	1
250	253	1
185	254	2
251	254	1
252	254	1
239	256	2
248	256	1
144	257	1
144	258	1
160	258	2
185	258	2
257	258	1
193	259	1
49	260	2
185	260	2
197	260	2
112	261	2
185	261	2
204	262	2
230	262	2
109	265	1
154	266	1
201	266	1
219	266	1
85	267	2
88	267	2
185	268	2
204	268	2
77	269	1
154	269	1
152	270	2
79	271	1
209	271	2
79	272	1
81	272	1
83	272	1
146	272	1
155	272	1
185	272	1
271	272	3
126	274	2
152	275	2
154	275	1
88	276	1
152	276	1
154	276	1
118	277	1
185	278	4
104	279	2
172	279	2
173	279	2
72	280	1
222	281	2
232	281	2
185	282	1
146	284	2
150	284	1
172	284	2
173	284	2
185	284	2
226	284	3
227	284	3
228	284	2
229	284	2
185	285	2
23	286	2
172	286	2
185	286	2
173	287	2
172	288	2
185	288	2
47	289	2
172	289	2
172	290	2
25	291	2
185	291	2
220	292	2
226	292	4
228	292	1
230	293	1
146	294	2
154	294	4
185	294	6
230	294	1
258	294	2
292	294	3
293	294	1
114	295	2
154	296	4
190	296	2
226	296	2
31	297	2
76	297	2
103	297	2
105	297	2
106	297	2
146	297	2
175	297	2
219	297	1
266	297	1
270	297	2
279	297	2
294	297	4
296	297	4
9	298	2
134	298	2
185	298	1
9	299	2
10	299	2
146	299	2
230	299	2
271	299	2
145	301	2
183	301	2
185	301	2
144	302	2
204	303	1
230	303	1
232	304	1
144	305	4
146	305	4
152	305	2
185	306	1
245	306	1
246	306	1
185	307	1
102	308	2
154	308	2
172	308	2
173	308	2
285	308	2
183	309	1
185	309	1
144	310	2
185	310	2
197	310	2
207	310	1
216	310	2
230	310	1
260	310	2
51	311	2
68	311	2
70	311	3
185	311	4
255	312	1
312	313	1
204	315	1
207	315	1
230	315	1
185	316	3
278	316	2
297	316	1
146	317	1
185	318	1
144	319	4
146	319	4
144	320	2
144	322	5
146	322	5
185	322	1
146	323	1
185	323	1
230	323	1
322	323	1
144	324	2
322	324	2
146	325	4
144	327	2
144	328	4
185	329	2
185	330	2
126	331	2
146	331	3
144	332	2
146	333	3
185	333	3
237	333	3
142	334	2
146	334	2
323	334	1
146	335	2
154	336	2
297	336	2
337	340	1
144	341	1
146	341	1
185	341	1
230	341	1
338	341	1
154	342	5
276	342	1
230	343	2
274	343	2
185	346	2
345	346	1
146	347	2
144	348	2
204	348	2
280	348	1
7	351	2
17	351	1
18	351	2
20	351	2
148	351	1
153	351	1
14	352	2
22	352	1
351	352	3
18	353	2
22	353	1
351	353	5
153	354	1
256	354	1
351	354	1
351	355	1
227	356	2
50	358	2
185	358	2
165	360	1
188	360	1
185	362	1
186	362	1
62	363	2
144	363	2
114	364	2
145	364	2
172	364	1
185	364	7
197	364	1
214	364	2
230	364	1
301	364	2
144	367	1
146	367	1
154	367	1
237	368	1
144	369	1
152	369	1
154	369	1
172	369	1
367	369	1
13	370	1
144	370	1
146	370	1
165	370	2
185	370	3
186	370	1
33	371	2
70	372	1
144	372	2
284	372	3
311	372	1
157	373	2
172	373	2
229	373	2
13	375	1
126	375	2
185	375	3
191	375	2
192	375	2
219	375	2
220	375	2
225	375	1
362	375	1
237	377	1
237	378	1
377	378	1
344	379	2
185	380	1
186	380	1
226	380	2
227	380	2
232	380	1
154	381	2
227	381	2
297	381	2
375	381	2
380	381	3
10	382	2
73	382	2
134	382	2
182	382	2
185	382	1
339	382	2
10	383	2
185	383	1
119	384	2
281	384	2
9	385	2
185	385	1
9	386	2
185	386	3
230	386	2
154	387	1
275	387	1
185	388	2
278	388	2
381	388	2
144	389	2
152	389	2
365	389	2
366	389	2
152	390	2
192	390	2
211	390	2
74	391	1
154	391	3
185	391	5
192	391	2
204	391	2
223	391	4
161	392	1
106	393	2
173	393	2
297	393	2
88	394	1
152	394	7
269	394	2
275	394	2
276	394	1
230	396	2
262	396	2
371	397	2
34	398	2
146	398	2
232	399	1
105	400	2
290	400	2
297	400	2
154	401	2
172	401	2
173	401	2
297	401	2
389	402	2
392	403	1
145	404	1
163	404	1
49	405	2
134	405	2
227	405	2
134	406	2
243	406	1
9	407	5
59	407	2
61	407	2
62	407	4
66	407	1
69	407	2
73	407	6
107	407	4
109	407	1
121	407	2
124	407	1
125	407	2
132	407	2
145	407	2
152	407	4
156	407	2
175	407	5
183	407	6
184	407	2
187	407	2
199	407	2
201	407	1
204	407	14
205	407	2
207	407	5
215	407	1
216	407	2
226	407	2
228	407	4
244	407	3
247	407	2
265	407	2
282	407	1
299	407	4
301	407	2
339	407	2
341	407	2
359	407	2
363	407	2
367	407	1
375	407	3
383	407	2
386	407	2
154	408	1
204	408	2
214	408	2
227	408	2
297	408	1
305	408	2
316	408	1
185	409	1
368	409	1
185	410	1
148	411	1
333	411	2
63	412	2
154	412	2
226	412	2
227	412	2
152	413	1
154	413	4
173	413	2
263	413	1
289	413	2
412	413	2
264	414	1
144	415	2
146	415	2
210	415	2
109	416	1
146	416	2
265	416	1
407	416	3
185	417	1
407	417	1
145	418	1
175	419	2
152	420	2
227	420	2
281	420	2
315	420	2
48	421	2
146	421	2
227	421	2
407	421	2
232	422	1
232	424	1
5	425	2
100	425	1
135	425	1
145	425	11
149	425	3
154	425	4
174	425	2
175	425	2
185	425	8
195	425	2
197	425	4
199	425	2
207	425	4
215	425	1
232	425	2
237	425	2
244	425	4
245	425	1
249	425	1
277	425	1
297	425	2
298	425	2
303	425	1
334	425	1
345	425	1
346	425	1
350	425	2
357	425	1
365	425	2
407	425	2
412	425	2
38	426	2
87	426	2
146	426	4
165	426	1
185	426	6
188	426	1
192	426	9
201	426	1
204	426	1
207	426	1
211	426	2
219	426	5
223	426	2
230	426	5
315	426	4
360	426	2
375	426	2
390	426	2
391	426	2
394	426	2
407	426	2
408	426	2
5	427	2
359	427	2
407	427	2
148	428	1
322	428	1
333	428	1
411	428	2
144	429	2
174	429	2
144	430	2
185	430	3
298	430	1
299	430	1
383	430	1
385	430	1
97	431	2
144	431	2
146	431	2
228	431	2
229	431	2
154	433	1
172	433	1
154	434	1
172	434	1
173	434	1
183	434	1
185	434	4
226	434	2
228	434	2
229	434	2
364	434	1
381	434	2
388	434	2
407	434	1
185	435	4
226	435	2
227	435	2
434	435	4
34	436	2
276	436	1
342	436	1
407	436	1
434	436	1
313	437	1
425	437	2
201	438	4
219	438	1
230	438	2
426	438	1
300	439	2
411	439	4
438	439	2
204	440	2
407	440	2
202	441	1
426	441	1
185	442	3
333	442	1
438	442	2
439	442	4
144	443	2
146	443	2
407	443	2
228	444	2
229	444	2
407	444	2
68	445	1
185	445	1
358	446	1
136	447	1
185	447	1
9	448	1
129	448	2
228	448	2
230	448	1
318	448	1
194	449	3
216	449	3
9	450	1
185	450	1
230	450	1
243	450	1
407	450	1
112	451	2
185	451	2
184	452	4
17	18	1
18	19	1
96	97	2
13	144	2
67	146	4
107	146	2
135	146	2
144	151	3
148	153	3
77	154	1
102	154	2
152	154	3
33	165	2
115	170	2
78	173	1
8	175	2
15	175	2
176	179	1
177	180	1
0	185	2
71	185	1
74	185	3
90	185	2
136	185	2
148	185	1
165	185	2
185	189	1
145	195	2
185	196	1
121	197	2
183	197	2
146	199	2
195	199	2
153	204	1
182	207	1
30	211	2
204	212	2
185	215	1
192	219	3
88	226	4
0	227	2
41	227	2
64	227	2
116	227	2
154	227	2
81	228	1
82	228	1
88	228	3
129	228	2
182	228	2
108	229	2
206	229	2
111	230	1
225	232	1
229	232	3
5	240	2
5	242	4
227	242	2
152	243	1
207	244	1
146	258	1
155	271	1
230	274	2
88	281	2
144	284	2
153	284	1
172	287	2
24	288	2
298	299	5
92	302	2
146	302	4
134	303	1
185	304	1
185	313	2
265	315	1
151	317	1
146	324	2
329	330	2
331	334	2
333	334	1
185	340	1
270	342	2
344	345	2
204	346	1
5	349	4
14	351	2
107	359	2
232	362	1
146	363	2
173	369	1
227	373	3
284	373	7
370	375	1
376	378	1
214	381	2
232	384	4
342	387	1
88	388	2
229	388	1
31	391	2
185	392	1
204	396	2
172	400	2
146	403	2
65	407	1
127	407	2
185	407	20
219	407	2
220	407	2
322	411	1
145	413	2
220	415	2
156	416	2
76	421	2
154	421	4
226	421	2
146	424	2
186	424	1
52	425	2
134	425	10
150	425	1
284	425	1
294	425	2
335	425	1
37	426	2
152	426	6
173	433	1
229	435	2
185	438	5
92	442	2
73	443	2
128	444	2
140	447	1
448	450	1
