3	5	2
2	6	2
5	6	2
8	15	1
20	21	1
27	30	2
32	36	2
37	43	2
61	62	2
63	64	2
6	67	2
51	70	1
28	75	2
40	78	2
79	80	1
80	82	1
37	87	2
67	90	2
93	94	1
74	99	2
84	100	1
23	101	2
46	106	2
67	108	4
39	116	2
61	124	1
69	124	1
126	127	4
123	131	2
127	131	2
127	133	2
123	134	2
130	134	2
134	135	1
67	144	4
69	144	2
142	144	2
132	145	2
144	145	9
32	146	4
36	146	4
52	146	1
53	146	1
59	146	2
62	146	4
69	146	2
72	146	2
92	146	2
121	146	2
125	146	2
134	146	1
144	148	4
146	148	4
149	151	2
29	152	2
38	152	2
55	152	1
84	152	1
86	152	1
89	152	3
110	152	1
146	153	5
149	153	3
41	154	2
42	154	2
145	154	4
5	156	4
120	156	2
5	157	4
157	158	4
146	163	1
159	163	2
85	164	2
158	168	2
168	169	2
95	171	1
77	172	1
152	172	1
39	173	2
152	173	1
172	174	2
16	175	2
145	175	2
8	181	2
15	181	2
16	181	2
178	181	2
4	185	2
31	185	4
40	185	2
42	185	3
47	185	2
49	185	2
50	185	2
66	185	1
69	185	1
78	185	2
80	185	1
93	185	1
110	185	3
111	185	3
117	185	2
128	185	2
129	185	2
131	185	2
147	185	2
156	185	2
178	185	2
183	185	2
184	185	4
184	186	1
183	187	2
98	192	2
145	196	2
146	197	8
185	197	2
197	199	2
185	200	2
87	201	1
144	201	1
146	201	1
12	204	2
61	204	2
127	204	2
135	204	1
136	204	1
142	204	2
144	204	16
146	204	19
185	204	15
197	204	4
144	205	2
146	205	2
88	206	2
185	206	4
124	207	1
152	207	1
153	207	1
185	209	3
87	210	1
144	210	2
146	210	2
198	210	4
204	211	2
89	213	2
204	213	2
55	216	1
88	216	2
185	216	2
194	216	3
199	216	2
0	217	4
193	218	1
60	219	1
95	219	1
98	219	2
154	219	2
185	220	6
219	221	1
88	223	2
186	225	1
0	226	2
24	226	2
28	226	2
40	226	2
41	226	2
48	226	4
49	226	2
85	226	2
86	226	1
102	226	2
103	226	2
106	226	2
116	226	2
198	226	2
204	226	5
207	226	1
214	226	2
6	227	2
24	227	2
26	227	2
29	227	2
38	227	2
46	227	2
63	227	4
102	227	2
103	227	2
104	227	2
105	227	2
106	227	2
108	227	2
115	227	2
156	227	2
187	227	1
204	227	5
206	227	2
217	227	2
226	227	73
0	228	2
26	228	2
38	228	2
95	228	1
97	228	2
108	228	2
121	228	2
138	228	4
139	228	2
140	228	2
141	228	2
163	228	2
176	228	1
177	228	1
187	228	2
206	228	2
38	229	2
83	229	1
88	229	3
97	229	2
127	229	2
180	229	1
182	229	2
187	229	2
12	230	1
110	230	1
145	230	1
146	230	5
196	230	1
197	230	2
200	230	1
201	230	3
202	230	1
204	230	9
207	230	3
210	230	1
219	230	2
220	230	2
226	230	2
228	230	4
185	232	6
184	233	1
144	235	2
234	236	2
146	237	4
162	237	2
185	237	3
226	238	2
238	241	2
226	242	2
237	243	2
239	243	1
5	244	2
144	244	5
146	244	5
153	244	3
230	244	2
237	244	4
242	244	4
204	245	1
207	245	1
226	245	1
227	245	1
245	246	1
135	247	2
134	249	1
251	254	1
185	255	1
239	256	2
243	256	1
144	258	1
257	258	1
218	259	1
49	260	2
185	260	2
185	261	2
154	266	1
88	267	2
154	270	2
79	271	1
82	271	1
79	272	1
146	272	1
271	272	3
122	273	2
127	274	2
154	276	1
100	277	1
118	277	1
172	279	2
173	279	2
226	281	2
185	282	1
93	284	2
149	284	2
151	284	2
152	285	1
185	285	2
172	286	2
45	287	2
173	287	2
173	288	2
47	289	2
172	290	2
185	291	2
185	292	3
226	292	4
229	292	1
185	293	1
230	293	1
183	294	2
228	294	1
185	296	2
190	296	2
31	297	2
44	297	2
76	297	2
103	297	2
105	297	2
146	297	2
154	297	31
183	297	2
214	297	2
219	297	1
145	298	2
185	298	1
145	299	2
146	299	2
144	302	2
204	303	1
232	304	1
144	305	4
146	305	4
152	305	2
245	306	1
284	307	1
144	310	2
197	310	2
70	311	3
185	311	4
118	315	2
185	316	3
146	317	1
185	317	1
230	317	1
230	318	1
144	319	4
146	319	4
319	321	2
144	322	5
146	322	5
144	324	2
146	326	2
325	327	2
185	329	2
142	331	2
144	332	2
146	333	3
185	333	3
333	335	2
154	336	2
230	337	1
185	338	1
73	339	2
144	341	1
146	341	1
185	341	1
154	342	5
275	342	1
127	343	2
274	343	2
345	346	1
146	347	2
344	347	2
72	348	1
157	349	2
18	351	2
21	351	2
153	351	1
7	352	2
351	352	3
19	353	2
20	353	2
243	354	1
351	355	1
50	358	2
71	358	1
165	360	1
165	361	1
225	362	1
185	364	7
197	364	1
185	368	1
154	369	1
367	369	1
186	370	1
146	372	2
185	372	2
172	373	2
173	373	2
372	374	1
126	375	2
127	375	2
220	375	2
232	375	1
362	375	1
347	379	2
226	380	2
227	380	2
232	380	1
185	381	1
227	381	2
73	382	2
182	382	2
10	383	2
281	384	2
154	387	1
152	388	2
185	388	2
228	388	1
144	389	2
152	389	2
152	390	2
26	391	2
74	391	1
173	393	2
287	393	2
297	393	2
152	394	7
275	394	2
387	395	1
34	398	2
146	398	2
185	399	1
154	400	2
173	400	2
290	400	2
172	401	2
366	402	2
243	406	1
1	407	1
10	407	4
73	407	6
91	407	1
124	407	1
135	407	2
144	407	32
153	407	3
175	407	5
183	407	6
215	407	1
216	407	2
226	407	2
229	407	4
282	407	1
297	407	2
309	407	1
315	407	1
359	407	2
367	407	1
380	407	1
382	407	4
398	407	2
88	408	2
144	408	2
197	408	2
204	408	2
226	408	2
237	409	1
368	409	1
92	411	2
154	412	2
185	412	2
227	412	2
146	413	2
154	413	4
173	413	2
219	413	1
152	414	1
264	414	1
146	415	2
407	415	2
90	416	2
109	416	1
185	419	2
152	420	2
227	420	2
281	420	2
146	423	2
100	425	1
130	425	2
149	425	3
162	425	2
203	425	2
207	425	4
215	425	1
221	425	2
244	425	4
245	425	1
298	425	2
302	425	2
357	425	1
382	425	2
412	425	2
87	426	2
165	426	1
201	426	1
303	426	2
315	426	4
407	426	2
408	426	2
322	428	1
411	428	2
146	429	2
299	430	1
386	430	1
146	431	2
122	432	2
171	433	1
413	433	1
173	434	1
183	434	1
388	434	2
228	435	2
434	435	4
154	436	2
276	436	1
434	436	1
230	438	2
411	438	2
426	438	1
92	439	2
300	439	2
204	440	2
202	441	1
438	441	1
185	442	3
300	442	2
333	442	1
146	443	2
331	443	1
51	445	1
68	445	1
185	445	1
50	446	1
358	446	1
136	447	1
185	447	1
185	448	1
194	449	3
216	449	3
230	450	1
243	450	1
96	97	2
13	144	2
67	146	4
145	146	19
77	154	1
33	165	2
158	169	2
115	170	2
78	173	1
8	175	2
177	180	1
0	185	2
165	185	2
185	189	1
185	196	1
121	197	2
183	197	2
153	204	1
88	226	4
105	226	2
154	227	2
81	228	1
129	228	2
111	230	1
153	230	2
225	232	1
5	240	2
5	242	4
185	253	1
237	256	1
88	281	2
24	288	2
226	294	2
144	299	2
185	304	1
297	308	2
185	340	1
146	363	2
226	373	3
228	373	2
370	375	1
186	381	1
229	388	1
172	393	2
2	407	1
185	407	20
283	407	1
294	407	2
76	421	2
52	425	2
153	425	4
294	425	2
361	426	2
382	430	1
173	433	1
185	438	5
