3	5	2
2	6	2
8	11	1
16	17	1
19	20	1
20	21	1
7	22	1
27	30	2
37	43	2
35	44	2
41	48	2
52	53	1
57	58	2
57	59	2
5	60	1
63	64	2
51	68	1
68	70	1
28	75	2
79	80	1
80	82	1
81	83	1
81	84	1
37	87	2
86	89	1
88	89	2
67	90	2
6	98	2
74	99	2
86	99	1
84	100	1
23	101	2
24	102	2
47	105	2
5	107	4
67	107	2
67	108	4
12	111	1
39	116	2
115	116	2
39	117	2
55	122	1
61	123	2
61	124	1
69	124	1
61	127	3
124	127	1
111	129	2
123	131	2
123	134	2
130	134	2
126	142	2
36	144	4
52	144	1
61	144	2
62	144	4
67	144	4
92	144	2
109	144	2
121	144	2
124	144	1
127	144	2
142	144	2
72	145	2
91	145	1
132	145	2
134	145	3
3	146	2
6	146	2
36	146	4
52	146	1
53	146	1
59	146	2
62	146	4
92	146	2
109	146	2
134	146	1
144	146	114
144	148	4
146	148	4
54	149	1
93	151	2
38	152	2
58	152	2
60	152	1
86	152	1
87	152	2
95	152	1
100	152	1
110	152	1
113	152	1
139	152	2
144	152	4
146	152	4
52	153	2
54	153	1
146	153	5
149	153	3
150	153	1
41	154	2
42	154	2
44	154	2
48	154	2
74	154	1
76	154	2
101	154	2
103	154	2
104	154	2
105	154	2
144	154	1
146	154	5
120	156	2
145	157	2
146	157	2
139	159	2
144	161	1
65	163	2
144	163	2
158	163	2
159	163	2
161	163	1
85	164	2
5	166	2
134	166	1
145	166	1
152	167	2
166	167	2
5	168	4
166	169	2
167	169	2
168	169	2
95	171	1
39	172	2
78	172	1
117	172	2
171	172	1
77	173	1
172	174	2
11	175	2
17	175	3
144	175	6
145	175	2
11	181	2
15	181	2
16	181	2
175	181	6
144	182	2
145	182	1
175	182	2
144	183	4
146	183	2
144	184	2
1	185	1
23	185	2
24	185	2
25	185	2
28	185	2
30	185	2
33	185	2
40	185	2
42	185	3
45	185	2
66	185	1
68	185	2
70	185	3
75	185	4
79	185	1
82	185	1
83	185	1
84	185	1
93	185	1
96	185	2
97	185	2
110	185	3
112	185	4
115	185	2
116	185	4
117	185	2
126	185	2
128	185	2
131	185	2
134	185	1
143	185	2
156	185	2
159	185	2
172	185	2
173	185	2
182	185	2
185	186	3
131	187	2
175	187	2
182	187	2
183	187	2
110	189	1
152	189	1
98	192	2
185	193	1
185	194	2
146	195	2
57	197	2
59	197	2
88	197	2
145	197	4
187	197	2
196	197	3
197	199	2
87	200	1
185	200	2
13	201	1
87	201	1
185	201	4
200	201	1
185	203	2
12	204	2
13	204	1
30	204	2
62	204	4
69	204	1
113	204	3
115	204	2
124	204	1
127	204	2
134	204	1
142	204	2
144	204	16
182	204	1
203	204	2
204	205	2
205	206	2
88	207	1
124	207	1
134	207	1
135	207	1
144	207	5
196	207	2
204	207	12
127	209	2
133	209	2
200	209	1
87	210	1
185	210	2
198	210	4
192	211	2
203	212	2
89	213	2
154	214	2
185	214	3
146	215	1
55	216	1
88	216	2
185	216	2
193	218	1
98	219	2
127	219	3
152	219	1
200	219	1
201	219	1
88	222	2
204	223	2
122	224	1
185	225	1
0	226	2
5	226	2
24	226	2
25	226	2
27	226	2
28	226	2
40	226	2
41	226	2
45	226	2
47	226	2
48	226	4
86	226	1
98	226	2
106	226	2
156	226	2
198	226	2
204	226	5
206	226	2
207	226	1
210	226	2
24	227	2
25	227	2
26	227	2
38	227	2
45	227	2
47	227	2
48	227	4
49	227	2
76	227	2
86	227	1
101	227	2
102	227	2
103	227	2
105	227	2
106	227	2
107	227	2
120	227	4
187	227	1
206	227	2
226	227	73
44	228	2
83	228	1
84	228	1
95	228	1
108	228	2
121	228	2
138	228	4
139	228	2
141	228	2
142	228	2
159	228	2
176	228	1
177	228	1
180	228	1
185	228	8
187	228	2
204	228	2
206	228	2
210	228	2
0	229	2
35	229	2
38	229	2
67	229	2
82	229	1
84	229	1
95	229	1
97	229	2
121	229	2
128	229	2
129	229	2
138	229	4
140	229	2
142	229	2
152	229	3
159	229	2
163	229	2
167	229	2
171	229	1
180	229	1
187	229	2
198	229	4
204	229	2
228	229	48
12	230	1
88	230	4
110	230	1
127	230	2
146	230	5
152	230	3
158	230	2
189	230	1
197	230	2
200	230	1
202	230	1
207	230	3
210	230	1
229	230	4
137	231	4
82	232	1
83	232	1
84	232	1
119	232	2
184	232	1
221	232	2
184	233	1
146	235	2
144	236	2
234	236	2
6	237	2
146	237	4
162	237	2
185	238	2
226	238	2
227	238	2
237	239	1
3	240	2
238	241	2
2	242	2
3	242	2
6	242	2
237	242	5
240	242	4
146	243	3
237	243	2
239	243	1
5	244	2
162	244	2
204	244	1
230	244	2
237	244	4
242	244	4
182	245	1
187	245	1
207	245	1
226	245	1
227	245	1
185	246	1
61	247	1
124	247	1
144	247	2
146	247	2
181	248	1
237	248	1
56	249	2
250	253	1
185	254	2
250	254	1
252	254	1
239	256	2
144	258	1
160	258	2
185	258	2
185	259	1
193	259	1
185	260	2
197	260	2
112	261	2
230	262	2
152	264	1
109	265	1
154	266	1
88	267	2
88	268	2
185	268	2
154	269	1
80	271	1
83	271	1
209	271	2
80	272	1
83	272	1
271	272	3
122	273	2
224	273	1
126	274	2
127	274	2
152	276	1
118	277	1
154	279	2
172	279	2
173	279	2
72	280	1
204	281	2
227	281	2
185	282	1
185	283	1
146	284	2
151	284	2
172	284	2
173	284	2
226	284	3
152	285	1
23	286	2
185	286	2
185	287	2
173	288	2
185	288	2
279	288	2
185	289	2
25	291	2
185	291	2
185	292	3
227	292	4
228	292	1
229	292	1
230	293	1
160	294	2
175	294	2
183	294	2
185	294	6
227	294	2
228	294	1
258	294	2
293	294	1
114	295	2
185	295	2
154	296	4
190	296	2
227	296	2
74	297	1
101	297	2
105	297	2
146	297	2
183	297	2
219	297	1
294	297	4
9	298	2
134	298	2
185	298	1
10	299	2
145	299	2
185	299	5
230	299	2
183	301	2
185	301	2
204	303	1
249	303	1
232	304	1
146	305	4
152	305	2
245	306	1
102	308	2
172	308	2
173	308	2
285	308	2
182	309	1
183	309	1
185	309	1
144	310	2
146	310	2
152	310	2
185	310	2
197	310	2
199	310	2
204	310	1
207	310	1
216	310	2
260	310	2
51	311	2
68	311	2
185	311	4
185	312	1
255	312	1
312	313	1
118	315	2
230	315	1
303	315	2
278	316	2
146	317	1
185	317	1
185	318	1
230	318	1
144	320	2
144	321	2
146	321	2
319	321	2
144	322	5
146	322	5
148	322	1
185	322	1
144	323	1
146	323	1
322	323	1
322	324	2
144	325	4
146	325	4
144	326	2
325	326	2
144	328	4
185	329	2
142	331	2
144	331	3
146	332	2
328	332	2
144	333	3
146	333	3
237	333	3
126	334	2
142	334	2
230	334	1
323	334	1
146	335	2
333	335	2
103	336	2
154	336	2
173	336	2
185	337	1
185	338	1
73	339	2
337	340	1
146	341	1
338	341	1
77	342	1
269	342	1
275	342	1
127	343	2
230	343	2
183	346	1
72	347	2
344	347	2
146	348	2
204	348	2
19	351	2
22	351	2
148	351	1
14	352	2
22	352	1
351	352	3
17	353	1
20	353	2
21	353	2
22	353	1
351	353	5
148	354	1
239	354	1
243	354	1
256	354	1
351	354	1
14	355	1
352	355	1
227	356	2
71	358	1
5	359	2
165	360	1
188	361	1
360	361	2
185	362	1
62	363	2
144	363	2
204	363	2
172	364	1
195	364	2
230	364	1
301	364	2
144	367	1
154	367	1
185	368	1
237	368	1
146	369	1
13	370	1
33	370	2
146	370	1
186	370	1
70	372	1
144	372	2
146	372	2
185	372	2
284	372	3
311	372	1
5	373	4
172	373	2
229	373	2
284	374	2
307	374	1
135	375	2
146	375	3
185	375	3
191	375	2
219	375	2
220	375	2
247	375	2
292	375	4
362	375	1
242	377	1
344	379	2
347	379	2
186	380	1
232	380	1
154	381	2
170	381	2
185	381	1
227	381	2
232	381	1
297	381	2
375	381	2
10	382	2
134	382	2
185	382	1
339	382	2
185	383	1
382	383	3
119	384	2
185	385	1
230	386	2
154	387	1
173	387	1
185	388	2
226	388	1
228	388	1
278	388	2
144	389	2
152	389	2
350	389	2
366	389	2
152	390	2
211	390	2
26	391	2
88	391	2
154	391	3
192	391	2
204	391	2
223	391	4
275	391	2
297	391	3
287	393	2
297	393	2
152	394	7
275	394	2
185	395	1
387	395	1
146	398	2
185	399	1
105	400	2
154	400	2
290	400	2
297	400	2
101	401	2
154	401	2
172	401	2
291	401	2
366	402	2
389	402	2
161	403	1
145	404	1
163	404	1
226	405	2
227	405	2
134	406	2
243	406	1
1	407	1
32	407	2
69	407	2
94	407	1
107	407	4
109	407	1
121	407	2
125	407	2
132	407	2
135	407	2
143	407	4
144	407	32
146	407	36
152	407	4
154	407	4
156	407	2
175	407	5
184	407	2
187	407	2
197	407	6
198	407	2
201	407	1
205	407	2
206	407	2
207	407	5
215	407	1
227	407	2
229	407	4
247	407	2
265	407	2
268	407	2
272	407	1
282	407	1
297	407	2
299	407	4
309	407	1
339	407	2
344	407	2
345	407	2
359	407	2
363	407	2
370	407	1
375	407	3
380	407	1
383	407	2
385	407	2
398	407	2
146	408	2
154	408	1
197	408	2
204	408	2
214	408	2
227	408	2
305	408	2
185	409	1
237	409	1
185	410	1
186	410	1
370	410	1
92	411	2
145	412	2
146	412	2
185	412	2
227	412	2
146	413	2
152	413	1
154	413	4
152	414	1
144	415	2
146	415	2
90	416	2
109	416	1
143	416	2
146	416	2
185	416	4
265	416	1
185	417	1
146	418	1
185	418	1
152	420	2
226	420	2
281	420	2
144	421	2
146	421	2
152	421	2
297	421	2
305	421	2
398	421	2
186	422	1
232	422	1
144	423	2
146	423	2
422	424	1
5	425	2
54	425	1
100	425	1
118	425	1
130	425	2
135	425	1
146	425	14
149	425	3
172	425	2
174	425	2
195	425	2
199	425	2
204	425	4
237	425	2
242	425	4
249	425	1
277	425	1
302	425	2
334	425	1
350	425	2
357	425	1
365	425	2
382	425	2
406	425	2
412	425	2
413	425	2
87	426	2
98	426	2
118	426	2
185	426	6
188	426	1
192	426	9
201	426	1
202	426	1
204	426	1
211	426	2
219	426	5
223	426	2
270	426	2
305	426	2
360	426	2
375	426	2
381	426	4
391	426	2
416	426	2
107	427	2
148	428	1
237	428	1
322	428	1
166	430	2
185	430	3
299	430	1
383	430	1
385	430	1
386	430	1
146	431	2
122	432	2
171	433	1
172	433	1
413	433	1
173	434	1
185	434	4
227	434	2
229	434	2
388	434	2
407	434	1
113	435	2
227	435	2
434	435	4
34	436	2
276	436	1
185	437	1
313	437	1
425	437	2
201	438	4
230	438	2
411	438	2
426	438	1
92	439	2
185	439	2
300	439	2
438	439	2
407	440	2
201	441	1
438	442	2
144	443	2
331	443	1
407	443	2
73	444	2
228	444	2
229	444	2
407	444	2
68	445	1
185	445	1
185	447	1
73	448	2
129	448	2
185	448	1
230	448	1
318	448	1
341	448	2
185	449	2
194	449	3
144	450	1
146	450	1
317	450	1
407	450	1
112	451	2
185	451	2
208	451	2
230	451	2
18	19	1
29	89	2
96	97	2
13	144	2
58	144	1
67	146	4
77	154	1
79	155	1
33	165	2
115	170	2
8	175	2
176	179	1
177	180	1
71	185	1
74	185	3
181	185	2
185	189	1
145	195	2
121	197	2
204	212	2
185	215	1
192	219	3
5	221	1
99	226	1
41	227	2
64	227	2
99	227	1
116	227	2
79	228	1
82	228	1
88	228	3
81	229	1
141	229	2
87	230	4
111	230	1
186	232	5
225	232	1
5	240	2
5	242	4
227	242	2
152	243	1
207	244	1
185	253	1
164	267	2
88	281	2
24	288	2
173	290	2
145	294	2
226	294	2
102	297	2
144	299	2
298	299	5
297	308	2
265	315	1
151	317	1
146	324	2
333	334	1
172	336	2
185	340	1
73	341	2
204	346	1
5	349	4
14	351	2
107	359	2
232	362	1
146	363	2
333	368	1
228	373	2
370	375	1
376	378	1
229	388	1
269	390	2
31	391	2
172	393	2
304	399	1
172	400	2
2	407	1
65	407	1
127	407	2
185	407	20
220	407	2
260	407	2
283	407	1
389	407	2
322	411	1
76	421	2
154	421	4
226	421	2
186	424	1
52	425	2
150	425	1
37	426	2
152	426	6
361	426	2
229	435	2
185	438	5
230	441	2
92	442	2
128	444	2
448	450	1
