8	15	1
19	20	1
21	22	1
27	30	2
32	36	2
52	53	1
56	60	1
61	62	2
6	67	2
51	68	1
58	69	1
51	70	1
68	70	1
28	75	2
31	75	2
80	82	1
12	88	2
67	90	2
93	94	1
6	98	2
23	101	2
24	102	2
25	104	2
47	105	2
46	106	2
88	113	2
39	117	2
114	119	2
85	120	2
61	124	1
69	124	1
110	128	2
127	131	2
130	134	2
136	140	1
126	142	2
35	144	2
36	144	4
53	144	1
57	144	2
61	144	2
62	144	4
67	144	4
69	144	2
107	144	2
109	144	2
127	144	2
144	145	9
3	146	2
6	146	2
13	146	2
32	146	4
53	146	1
58	146	1
61	146	2
69	146	2
72	146	2
92	146	2
124	146	1
127	146	2
132	146	2
142	146	2
4	147	2
144	148	4
52	149	2
54	149	1
93	149	2
29	152	2
38	152	2
48	152	2
56	152	1
60	152	1
84	152	1
86	152	1
87	152	2
88	152	3
95	152	1
110	152	1
146	152	4
52	153	2
54	153	1
144	153	5
146	153	5
31	154	2
44	154	2
48	154	2
103	154	2
104	154	2
105	154	2
145	154	4
146	154	5
5	156	4
143	156	2
145	157	2
146	157	2
5	158	4
144	158	4
139	159	2
158	160	2
144	161	1
65	163	2
144	163	2
145	163	1
159	163	2
85	164	2
146	166	3
152	167	2
5	168	4
166	168	2
5	169	4
156	169	2
168	169	2
77	172	1
78	172	1
117	172	2
171	172	1
77	173	1
152	173	1
172	173	23
146	174	4
172	174	2
11	175	2
146	175	4
154	175	3
15	181	2
16	181	2
175	181	6
134	182	2
175	182	2
146	184	2
1	185	1
23	185	2
26	185	2
27	185	2
30	185	2
31	185	4
40	185	2
42	185	3
44	185	2
45	185	2
49	185	2
51	185	2
63	185	2
66	185	1
69	185	1
75	185	4
78	185	2
79	185	1
83	185	1
87	185	7
94	185	1
110	185	3
111	185	3
114	185	2
116	185	4
124	185	1
126	185	2
134	185	1
135	185	1
140	185	1
143	185	2
145	185	6
147	185	2
152	185	7
154	185	9
161	185	1
172	185	2
173	185	2
175	185	2
183	185	2
184	186	1
145	187	1
175	187	2
182	187	2
88	192	2
98	192	2
194	195	2
145	196	2
146	196	2
144	197	4
145	197	4
146	197	8
175	197	2
187	197	2
195	197	2
196	197	3
121	198	2
145	199	2
197	199	2
185	200	2
87	201	1
146	201	1
200	201	1
185	202	1
185	203	2
12	204	2
61	204	2
62	204	4
69	204	1
88	204	25
89	204	2
113	204	3
134	204	1
136	204	1
144	204	16
145	204	3
146	204	19
170	204	2
182	204	1
185	204	15
192	204	2
201	204	1
203	204	2
144	205	2
204	205	2
185	206	4
204	206	4
88	207	1
134	207	1
135	207	1
144	207	5
146	207	8
152	207	1
153	207	1
196	207	2
185	209	3
200	209	1
87	210	1
146	210	2
198	210	4
88	211	2
192	211	2
204	211	2
203	212	2
154	214	2
185	214	3
127	215	2
133	215	2
146	215	1
209	215	2
55	216	1
88	216	2
152	216	1
185	216	2
194	216	3
199	216	2
204	216	2
206	216	2
185	218	1
193	218	1
5	219	1
98	219	2
127	219	3
152	219	1
209	219	1
60	221	1
203	221	2
204	222	2
88	223	2
192	223	2
204	223	2
122	224	1
185	225	1
5	226	2
23	226	2
24	226	2
26	226	2
27	226	2
38	226	2
41	226	2
43	226	2
45	226	2
46	226	2
86	226	1
98	226	2
101	226	2
107	226	2
115	226	2
120	226	4
152	226	5
156	226	2
187	226	1
207	226	1
214	226	2
23	227	2
28	227	2
29	227	2
38	227	2
45	227	2
46	227	2
63	227	4
85	227	2
98	227	2
101	227	2
103	227	2
104	227	2
106	227	2
107	227	2
152	227	5
156	227	2
187	227	1
198	227	2
204	227	5
206	227	2
210	227	2
214	227	2
217	227	2
0	228	2
27	228	2
43	228	2
67	228	2
80	228	1
84	228	1
108	228	2
127	228	2
128	228	2
138	228	4
139	228	2
140	228	2
141	228	2
142	228	2
152	228	3
159	228	2
163	228	2
167	228	2
171	228	1
185	228	8
198	228	4
206	228	2
217	228	2
26	229	2
27	229	2
67	229	2
83	229	1
84	229	1
129	229	2
139	229	2
167	229	2
177	229	1
180	229	1
187	229	2
205	229	2
228	229	48
126	230	2
145	230	1
152	230	3
158	230	2
182	230	2
185	230	35
187	230	3
189	230	1
201	230	3
204	230	9
208	230	2
210	230	1
219	230	2
226	230	2
227	230	2
228	230	4
229	230	4
217	231	4
81	232	1
83	232	1
152	232	2
184	232	1
185	232	6
203	232	2
228	232	3
184	233	1
186	233	1
232	233	1
144	234	3
146	235	2
234	235	1
146	236	2
2	237	2
6	237	2
146	237	4
185	238	2
227	238	2
237	239	1
3	240	2
2	242	2
3	242	2
185	242	2
226	242	2
237	243	2
5	244	2
230	244	2
237	244	4
242	244	4
145	245	1
146	245	1
182	245	1
185	245	3
187	245	1
204	245	1
61	247	1
124	247	1
127	247	1
144	247	2
134	249	1
185	250	1
185	251	1
251	252	1
250	254	1
248	256	1
144	257	1
160	258	2
185	258	2
257	258	1
185	259	1
218	259	1
49	260	2
185	261	2
230	262	2
109	265	1
219	266	1
85	267	2
108	268	2
204	268	2
219	268	2
152	269	2
154	269	1
80	271	1
82	271	1
185	271	2
79	272	1
146	272	1
155	272	1
185	272	1
271	272	3
55	273	1
122	273	2
126	274	2
154	275	1
88	276	1
152	276	1
154	276	1
104	279	2
154	279	2
72	280	1
152	281	4
232	281	2
185	282	1
185	283	1
282	283	1
93	284	2
146	284	2
150	284	1
172	284	2
185	284	2
227	284	3
228	284	2
229	284	2
152	285	1
185	285	2
23	286	2
172	286	2
45	287	2
173	287	2
185	287	2
185	288	2
185	289	2
46	290	2
172	290	2
185	291	2
185	293	1
230	293	1
146	294	2
154	294	4
160	294	2
293	294	1
44	296	2
185	296	2
227	296	2
44	297	2
74	297	1
103	297	2
105	297	2
175	297	2
185	297	7
219	297	1
279	297	2
294	297	4
296	297	4
9	298	2
134	298	2
185	298	1
9	299	2
145	299	2
146	299	2
209	299	2
230	299	2
271	299	2
145	301	2
185	301	2
187	301	2
207	303	1
230	303	1
249	303	1
146	305	4
152	305	2
185	305	4
185	306	1
245	306	1
185	307	1
154	308	2
285	308	2
182	309	1
183	309	1
185	309	1
144	310	2
152	310	2
185	310	2
260	310	2
185	312	1
185	314	1
118	315	2
207	315	1
303	315	2
297	316	1
146	317	1
146	319	4
144	320	2
146	320	2
319	320	2
146	322	5
148	322	1
185	322	1
146	323	1
230	323	1
322	323	1
322	324	2
144	325	4
146	326	2
144	328	4
146	328	4
185	329	2
126	331	2
142	331	2
144	331	3
146	331	3
144	332	2
144	333	3
146	333	3
185	333	3
126	334	2
142	334	2
146	334	2
230	334	1
146	335	2
334	335	1
154	336	2
173	336	2
286	336	2
230	337	1
230	338	1
230	340	1
230	341	1
334	341	1
338	341	1
77	342	1
154	342	5
126	343	2
274	343	2
185	346	2
345	346	1
72	347	2
146	347	2
344	347	2
142	348	2
146	348	2
204	348	2
157	349	2
7	351	2
19	351	2
20	351	2
153	351	1
7	352	2
14	352	2
351	352	3
18	353	2
19	353	2
20	353	2
148	354	1
243	354	1
256	354	1
351	354	1
352	355	1
227	356	2
50	358	2
165	360	1
188	360	1
188	361	1
360	361	2
185	362	1
186	362	1
62	363	2
144	363	2
59	364	2
123	364	2
194	364	2
195	364	2
197	364	1
230	364	1
295	364	2
301	364	2
185	368	1
144	369	1
146	369	1
152	369	1
154	369	1
172	369	1
285	369	1
367	369	1
33	370	2
165	370	2
185	370	3
186	370	1
70	372	1
144	372	2
185	372	2
311	372	1
229	373	2
185	374	2
284	374	2
307	374	1
372	374	1
127	375	2
135	375	2
144	375	3
146	375	3
185	375	3
186	375	1
191	375	2
192	375	2
225	375	1
232	375	1
247	375	2
362	375	1
242	377	1
237	378	1
344	379	2
186	380	1
226	380	2
232	380	1
154	381	2
170	381	2
227	381	2
232	381	1
297	381	2
375	381	2
73	382	2
339	382	2
10	383	2
185	383	1
382	383	3
152	384	2
9	385	2
185	386	3
230	386	2
299	386	2
154	387	1
275	387	1
152	388	2
185	388	2
278	388	2
381	388	2
32	389	2
144	389	2
350	389	2
192	390	2
154	391	3
185	391	5
223	391	4
275	391	2
297	391	3
106	393	2
173	393	2
287	393	2
297	393	2
88	394	1
269	394	2
270	394	2
275	394	2
390	394	2
391	394	2
42	395	1
172	395	1
230	396	2
305	398	2
105	400	2
154	400	2
290	400	2
297	400	2
172	401	2
3	403	2
161	403	1
185	403	1
49	405	2
226	405	2
152	406	1
405	406	2
1	407	1
5	407	4
13	407	2
32	407	2
57	407	2
58	407	1
59	407	2
61	407	2
66	407	1
91	407	1
94	407	1
107	407	4
121	407	2
135	407	2
142	407	2
143	407	4
144	407	32
145	407	2
146	407	36
152	407	4
154	407	4
183	407	6
184	407	2
187	407	2
197	407	6
199	407	2
201	407	1
206	407	2
207	407	5
215	407	1
226	407	2
230	407	5
247	407	2
265	407	2
268	407	2
272	407	1
282	407	1
297	407	2
298	407	4
299	407	4
301	407	2
305	407	4
310	407	6
339	407	2
341	407	2
344	407	2
345	407	2
348	407	2
359	407	2
367	407	1
380	407	1
386	407	2
144	408	2
185	408	1
214	408	2
227	408	2
297	408	1
237	409	1
333	409	1
368	409	1
185	410	1
186	410	1
370	410	1
185	411	5
63	412	2
145	412	2
146	412	2
226	412	2
227	412	2
95	413	1
172	413	2
173	413	2
144	415	2
185	415	2
210	415	2
407	415	2
109	416	1
143	416	2
144	416	2
185	416	4
265	416	1
407	416	3
380	417	1
407	417	1
152	420	2
226	420	2
281	420	2
144	421	2
146	421	2
152	421	2
227	421	2
297	421	2
305	421	2
398	421	2
407	421	2
232	422	1
146	423	2
144	424	2
423	424	2
5	425	2
54	425	1
100	425	1
118	425	1
123	425	2
145	425	11
162	425	2
172	425	2
175	425	2
185	425	8
195	425	2
199	425	2
215	425	1
221	425	2
242	425	4
244	425	4
245	425	1
249	425	1
272	425	1
334	425	1
346	425	1
348	425	1
350	425	2
357	425	1
382	425	2
389	425	2
405	425	2
407	425	2
412	425	2
413	425	2
419	425	2
98	426	2
144	426	4
146	426	4
170	426	2
185	426	6
201	426	1
202	426	1
207	426	1
315	426	4
360	426	2
375	426	2
381	426	4
394	426	2
5	427	2
359	427	2
407	427	2
185	428	2
237	428	1
322	428	1
411	428	2
144	429	2
146	429	2
144	430	2
166	430	2
298	430	1
299	430	1
383	430	1
386	430	1
97	431	2
144	431	2
146	431	2
228	431	2
229	431	2
55	432	1
154	433	1
263	433	1
154	434	1
173	434	1
229	434	2
381	434	2
388	434	2
113	435	2
185	435	4
434	435	4
34	436	2
154	436	2
175	436	1
183	436	1
276	436	1
146	437	2
185	437	1
302	437	2
314	437	1
201	438	4
219	438	1
230	438	2
266	438	1
294	438	1
411	438	2
92	439	2
185	439	2
411	439	4
438	439	2
201	441	1
438	441	1
237	442	1
300	442	2
411	442	5
438	442	2
144	443	2
146	443	2
331	443	1
407	443	2
407	444	2
51	445	1
68	445	1
311	445	1
185	447	1
73	448	2
228	448	2
194	449	3
216	449	3
185	450	1
230	450	1
243	450	1
317	450	1
185	451	2
208	451	2
65	66	1
29	89	2
96	97	2
13	144	2
35	146	2
135	146	2
145	146	19
144	151	3
78	173	1
144	174	2
15	175	2
176	179	1
0	185	2
60	185	1
71	185	1
136	185	2
148	185	1
185	189	1
121	197	2
146	199	2
153	204	1
182	207	1
30	211	2
5	221	1
29	226	2
99	227	1
154	227	2
81	228	1
82	228	1
88	228	3
129	228	2
108	229	2
217	229	2
87	230	4
229	232	3
207	244	1
185	253	1
146	258	1
153	284	1
190	285	2
173	286	2
24	288	2
173	290	2
191	292	2
201	294	1
226	294	2
102	297	2
298	299	5
92	302	2
146	302	4
134	303	1
297	308	2
151	317	1
146	324	2
329	330	2
144	334	2
185	340	1
270	342	2
185	344	2
232	362	1
146	363	2
350	365	2
226	373	3
385	386	3
172	387	1
269	390	2
172	393	2
204	396	2
304	399	1
146	403	2
65	407	1
185	407	20
220	407	2
294	407	2
145	413	2
156	416	2
226	421	2
146	424	2
52	425	2
150	425	1
153	425	4
182	425	3
284	425	1
335	425	1
37	426	2
382	430	1
185	438	5
230	441	2
73	443	2
140	447	1
448	450	1
