1	2	1
3	5	2
2	6	2
5	6	2
8	11	1
8	15	1
19	20	1
21	22	1
28	29	2
32	36	2
35	36	2
27	43	4
37	43	2
41	48	2
52	53	1
5	60	1
6	67	2
51	68	1
58	69	1
28	75	2
31	75	2
40	76	2
77	78	1
81	83	1
37	87	2
85	88	2
88	89	2
6	98	2
86	99	1
23	101	2
24	102	2
12	111	1
115	116	2
39	117	2
55	122	1
61	124	1
61	127	3
123	127	2
126	127	4
111	129	2
61	131	2
123	131	2
125	132	2
127	133	2
130	134	2
138	140	2
126	142	2
3	144	2
6	144	2
32	144	4
35	144	2
36	144	4
57	144	2
59	144	2
61	144	2
67	144	4
109	144	2
127	144	2
135	144	2
72	145	2
125	145	2
134	145	3
6	146	2
13	146	2
32	146	4
36	146	4
52	146	1
57	146	2
58	146	1
59	146	2
72	146	2
91	146	1
125	146	2
132	146	2
134	146	1
4	147	2
144	148	4
52	149	2
93	149	2
148	151	2
12	152	1
29	152	2
55	152	1
56	152	1
84	152	1
95	152	1
100	152	1
110	152	1
111	152	1
113	152	1
52	153	2
144	153	5
146	153	5
149	153	3
150	153	1
31	154	2
44	154	2
76	154	2
95	154	1
101	154	2
103	154	2
105	154	2
106	154	2
146	154	5
143	156	2
146	157	2
5	158	4
145	158	2
157	158	4
144	161	1
146	161	1
144	163	2
158	163	2
144	166	2
145	166	1
166	167	2
5	168	4
156	168	2
158	168	2
166	168	2
166	169	2
167	169	2
168	169	2
88	170	2
95	171	1
39	172	2
146	172	2
152	172	1
77	173	1
117	173	2
152	173	1
172	173	23
172	174	2
11	175	2
17	175	3
145	175	2
146	175	4
11	181	2
15	181	2
175	181	6
178	181	2
134	182	2
175	182	2
136	183	1
145	183	2
154	183	3
175	183	9
144	184	2
4	185	2
12	185	1
24	185	2
33	185	2
41	185	2
42	185	3
47	185	2
49	185	2
50	185	2
65	185	1
66	185	1
75	185	4
78	185	2
79	185	1
80	185	1
84	185	1
87	185	7
88	185	4
93	185	1
94	185	1
110	185	3
111	185	3
112	185	4
114	185	2
117	185	2
127	185	2
134	185	1
135	185	1
143	185	2
145	185	6
147	185	2
152	185	7
160	185	4
161	185	1
172	185	2
185	186	3
131	187	2
175	187	2
182	187	2
183	187	2
185	187	4
110	189	1
152	189	1
185	190	2
12	192	2
98	192	2
185	193	1
185	194	2
145	196	2
146	196	2
57	197	2
145	197	4
146	197	8
87	200	1
13	201	1
144	201	1
200	201	1
185	203	2
12	204	2
30	204	2
61	204	2
62	204	4
69	204	1
115	204	2
124	204	1
127	204	2
135	204	1
152	204	2
170	204	2
183	204	2
192	204	2
197	204	4
204	205	2
185	206	4
69	207	1
135	207	1
146	207	8
152	207	1
153	207	1
133	209	2
87	210	1
144	210	2
185	210	2
198	210	4
88	211	2
192	211	2
204	211	2
89	213	2
154	214	2
133	215	2
146	215	1
209	215	2
55	216	1
185	216	2
194	216	3
199	216	2
204	216	2
185	218	1
193	218	1
5	219	1
60	219	1
95	219	1
98	219	2
127	219	3
185	219	10
200	219	1
87	220	2
60	221	1
204	223	2
122	224	1
185	225	1
186	225	1
0	226	2
5	226	2
6	226	2
23	226	2
27	226	2
28	226	2
38	226	2
45	226	2
47	226	2
48	226	4
49	226	2
64	226	2
76	226	2
85	226	2
101	226	2
103	226	2
107	226	2
108	226	2
115	226	2
116	226	2
154	226	2
156	226	2
185	226	15
187	226	1
198	226	2
204	226	5
206	226	2
210	226	2
6	227	2
27	227	2
38	227	2
46	227	2
63	227	4
67	227	2
76	227	2
85	227	2
86	227	1
88	227	4
98	227	2
102	227	2
103	227	2
105	227	2
106	227	2
120	227	4
152	227	5
156	227	2
185	227	15
187	227	1
198	227	2
204	227	5
206	227	2
207	227	1
210	227	2
0	228	2
26	228	2
35	228	2
43	228	2
67	228	2
83	228	1
95	228	1
97	228	2
127	228	2
139	228	2
142	228	2
152	228	3
163	228	2
167	228	2
171	228	1
176	228	1
177	228	1
179	228	1
198	228	4
204	228	2
205	228	2
206	228	2
0	229	2
27	229	2
38	229	2
67	229	2
80	229	1
82	229	1
83	229	1
84	229	1
88	229	3
95	229	1
121	229	2
128	229	2
139	229	2
167	229	2
176	229	1
177	229	1
180	229	1
185	229	8
187	229	2
198	229	4
204	229	2
205	229	2
12	230	1
88	230	4
126	230	2
145	230	1
146	230	5
152	230	3
182	230	2
187	230	3
196	230	1
197	230	2
204	230	9
207	230	3
208	230	2
210	230	1
228	230	4
137	231	4
79	232	1
80	232	1
81	232	1
82	232	1
84	232	1
119	232	2
203	232	2
221	232	2
228	232	3
144	234	3
146	234	3
144	236	2
146	236	2
226	238	2
237	239	1
3	240	2
3	242	2
162	242	2
185	242	2
226	242	2
237	242	5
240	242	4
144	243	3
146	243	3
237	243	2
239	243	1
144	244	5
162	244	2
204	244	1
230	244	2
237	244	4
145	245	1
146	245	1
182	245	1
204	245	1
226	245	1
127	247	1
135	247	2
144	247	2
175	248	1
181	248	1
239	248	1
134	249	1
185	250	1
185	252	1
185	254	2
252	254	1
239	256	2
243	256	1
248	256	1
146	257	1
185	258	2
185	259	1
193	259	1
185	260	2
197	260	2
204	262	2
230	262	2
154	263	1
201	266	1
88	268	2
185	268	2
204	268	2
219	268	2
154	269	1
152	270	2
154	270	2
79	271	1
81	271	1
209	271	2
80	272	1
81	272	1
82	272	1
146	272	1
185	272	1
215	272	1
55	273	1
224	273	1
127	274	2
154	276	1
185	278	4
154	279	2
204	281	2
226	281	2
232	281	2
185	282	1
185	283	1
93	284	2
146	284	2
172	284	2
173	284	2
185	284	2
228	284	2
152	285	1
172	285	3
173	285	3
172	286	2
185	286	2
45	287	2
173	287	2
185	287	2
172	288	2
173	288	2
279	288	2
47	289	2
172	289	2
185	289	2
185	290	2
172	291	2
173	291	2
185	292	3
228	292	1
229	292	1
185	293	1
146	294	2
183	294	2
229	294	1
230	294	1
258	294	2
44	296	2
154	296	4
190	296	2
226	296	2
31	297	2
44	297	2
74	297	1
105	297	2
146	297	2
183	297	2
214	297	2
266	297	1
294	297	4
9	298	2
10	298	2
134	298	2
185	298	1
9	299	2
10	299	2
146	299	2
185	299	5
230	299	2
187	301	2
249	303	1
146	305	4
152	305	2
246	306	1
154	308	2
172	308	2
173	308	2
182	309	1
183	309	1
146	310	2
185	310	2
216	310	2
230	310	1
51	311	2
255	312	1
255	313	1
313	314	1
204	315	1
207	315	1
154	316	1
185	316	3
297	316	1
230	317	1
185	318	1
146	320	2
319	320	2
146	322	5
144	323	1
146	323	1
322	323	1
144	324	2
144	325	4
146	326	2
325	326	2
176	329	2
144	331	3
328	331	2
144	332	2
146	332	2
144	333	3
126	334	2
144	335	2
146	335	2
333	335	2
154	336	2
286	336	2
297	336	2
230	337	1
230	338	1
73	339	2
337	340	1
77	342	1
154	342	5
269	342	1
275	342	1
276	342	1
297	342	2
127	343	2
344	347	2
142	348	2
204	348	2
280	348	1
17	351	1
20	351	2
21	351	2
22	351	2
17	353	1
18	353	2
20	353	2
21	353	2
153	354	1
239	354	1
243	354	1
256	354	1
351	354	1
226	356	2
292	356	2
185	358	2
188	360	1
165	361	1
360	361	2
185	362	1
225	362	1
144	363	2
114	364	2
123	364	2
173	364	1
194	364	2
197	364	1
214	364	2
301	364	2
144	367	1
154	367	1
185	368	1
237	368	1
144	369	1
146	369	1
152	369	1
154	369	1
285	369	1
367	369	1
13	370	1
33	370	2
144	370	1
165	370	2
186	370	1
33	371	2
70	372	1
144	372	2
146	372	2
157	373	2
173	373	2
229	373	2
185	374	2
144	375	3
185	375	3
186	375	1
191	375	2
192	375	2
219	375	2
232	375	1
247	375	2
292	375	4
362	375	1
237	377	1
242	378	1
344	379	2
185	380	1
226	380	2
227	380	2
227	381	2
232	381	1
297	381	2
380	381	3
73	382	2
185	382	1
10	383	2
382	383	3
119	384	2
281	384	2
275	387	1
185	388	2
226	388	1
228	388	1
278	388	2
381	388	2
146	389	2
365	389	2
152	390	2
192	390	2
211	390	2
74	391	1
88	391	2
152	391	2
154	391	3
204	391	2
297	391	3
106	393	2
154	393	2
287	393	2
297	393	2
269	394	2
270	394	2
42	395	1
172	395	1
185	395	1
230	396	2
371	397	2
144	398	2
305	398	2
185	399	1
232	399	1
105	400	2
101	401	2
154	401	2
172	401	2
173	401	2
291	401	2
297	401	2
366	402	2
3	403	2
144	403	2
185	403	1
392	403	1
134	405	2
134	406	2
152	406	1
1	407	1
9	407	5
10	407	4
13	407	2
57	407	2
59	407	2
61	407	2
62	407	4
66	407	1
73	407	6
91	407	1
94	407	1
109	407	1
121	407	2
125	407	2
132	407	2
135	407	2
145	407	2
152	407	4
153	407	3
175	407	5
183	407	6
199	407	2
201	407	1
204	407	14
207	407	5
216	407	2
228	407	4
244	407	3
247	407	2
265	407	2
282	407	1
297	407	2
299	407	4
305	407	4
309	407	1
315	407	1
348	407	2
363	407	2
367	407	1
369	407	1
370	407	1
380	407	1
382	407	4
386	407	2
398	407	2
88	408	2
146	408	2
204	408	2
214	408	2
227	408	2
297	408	1
407	408	2
185	409	1
368	409	1
148	411	1
300	411	2
333	411	2
145	412	2
146	412	2
154	412	2
185	412	2
227	412	2
152	413	1
173	413	2
263	413	1
412	413	2
264	414	1
185	415	2
210	415	2
90	416	2
109	416	1
145	418	1
185	418	1
175	419	2
152	420	2
227	420	2
281	420	2
48	421	2
146	421	2
152	421	2
305	421	2
186	422	1
232	424	1
423	424	2
54	425	1
72	425	1
100	425	1
123	425	2
130	425	2
145	425	11
146	425	14
162	425	2
172	425	2
195	425	2
196	425	2
199	425	2
204	425	4
207	425	4
215	425	1
221	425	2
232	425	2
242	425	4
244	425	4
297	425	2
303	425	1
334	425	1
346	425	1
357	425	1
365	425	2
382	425	2
389	425	2
405	425	2
407	425	2
412	425	2
144	426	4
146	426	4
165	426	1
185	426	6
188	426	1
201	426	1
204	426	1
230	426	5
270	426	2
305	426	2
391	426	2
394	426	2
407	426	2
416	426	2
107	427	2
407	427	2
148	428	1
237	428	1
322	428	1
333	428	1
411	428	2
174	429	2
146	430	2
185	430	3
299	430	1
386	430	1
97	431	2
144	431	2
146	431	2
55	432	1
224	432	1
171	433	1
172	433	1
263	433	1
413	433	1
173	434	1
175	434	1
185	434	4
226	434	2
227	434	2
228	434	2
229	434	2
381	434	2
185	435	4
204	435	2
34	436	2
183	436	1
276	436	1
407	436	1
146	437	2
302	437	2
313	437	1
425	437	2
201	438	4
230	438	2
266	438	1
426	438	1
185	439	2
300	439	2
438	439	2
127	440	2
204	440	2
201	441	1
426	441	1
438	441	1
185	442	3
237	442	1
300	442	2
333	442	1
411	442	5
438	442	2
144	443	2
407	443	2
73	444	2
229	444	2
68	445	1
50	446	1
185	446	1
136	447	1
73	448	2
185	448	1
230	448	1
318	448	1
341	448	2
407	448	3
9	450	1
185	450	1
230	450	1
243	450	1
317	450	1
208	451	2
184	452	4
29	89	2
96	97	2
58	144	1
35	146	2
135	146	2
144	151	3
148	153	3
77	154	1
102	154	2
146	158	2
33	165	2
158	169	2
115	170	2
78	173	1
144	174	2
15	175	2
176	179	1
60	185	1
71	185	1
74	185	3
81	185	1
90	185	2
185	189	1
185	196	1
183	197	2
30	211	2
204	212	2
29	226	2
88	226	4
99	226	1
217	226	2
41	227	2
64	227	2
99	227	1
116	227	2
154	227	2
79	228	1
82	228	1
129	228	2
182	228	2
108	229	2
141	229	2
206	229	2
217	229	2
153	230	2
229	232	3
5	240	2
227	242	2
155	271	1
88	281	2
153	284	1
172	287	2
24	288	2
201	294	1
92	302	2
185	313	2
146	324	2
329	330	2
331	334	2
333	334	1
172	336	2
185	340	1
73	341	2
270	342	2
185	344	2
185	345	3
344	345	2
204	346	1
5	349	4
14	351	2
107	359	2
232	362	1
350	365	2
333	368	1
173	369	1
226	373	3
284	373	7
370	375	1
186	381	1
214	381	2
385	386	3
172	387	1
342	387	1
88	388	2
227	388	1
269	390	2
31	391	2
185	392	1
146	403	2
219	407	2
260	407	2
283	407	1
294	407	2
220	415	2
76	421	2
226	421	2
146	424	2
153	425	4
182	425	3
284	425	1
229	435	2
185	438	5
140	447	1
448	450	1
