122	121	0.5
122	11	0.5
123	0	0.5
124	64	0.5
125	64	2.5
125	124	0.5
126	64	1.0
127	125	0.5
128	58	0.33333
128	111	0.33333
129	59	0.8333299999999999
131	130	0.33333
133	131	0.33333
139	138	0.5
142	141	0.125
144	141	0.125
144	143	0.125
145	140	0.125
145	141	0.125
145	142	0.125
145	144	0.125
146	141	0.125
147	142	0.125
147	143	0.125
147	145	0.125
147	146	0.125
148	140	0.125
148	141	0.125
148	144	0.125
148	146	0.125
148	147	0.125
150	149	1.0
153	151	0.25
154	151	0.25
155	151	0.25
155	152	0.25
155	153	0.25
155	154	0.25
158	88	0.5
159	55	0.33333
160	55	0.33333
163	110	1.0
164	3	0.5
170	109	0.25
171	170	0.25
171	109	0.25
171	23	0.25
172	169	0.33333
172	23	0.33333
176	175	1.0
177	50	1.4762
180	178	0.25
180	179	0.25
181	179	0.25
182	178	0.25
182	180	0.25
185	183	0.125
185	184	0.125
186	185	0.125
187	185	0.125
188	185	0.125
188	186	0.125
190	183	0.125
190	186	0.125
190	187	0.125
190	188	0.125
191	185	0.125
191	186	0.125
191	188	0.125
191	190	0.125
192	16	0.5
193	192	0.5
195	194	1.0
197	33	0.33333
197	32	0.33333
202	106	0.5
206	73	0.25
206	75	0.25
207	73	0.25
210	209	0.5
211	210	0.5
213	6	0.2
213	3	0.2
216	215	1.0
217	13	0.33333
219	217	0.33333
221	220	0.5
222	221	0.5
223	100	0.78571
223	103	1.1191
223	102	0.14286
224	100	0.14286
224	223	0.14286
225	113	0.14286
226	103	0.14286
226	224	0.14286
226	225	0.14286
226	113	0.14286
227	223	0.14286
227	224	0.14286
227	225	0.14286
227	226	0.14286
228	100	0.14286
228	223	0.14286
228	102	0.14286
229	100	0.14286
229	228	0.14286
229	223	0.14286
229	102	0.14286
230	228	0.14286
230	223	0.14286
230	101	0.14286
230	229	0.14286
230	102	0.14286
232	231	0.33333
233	231	0.33333
234	232	0.33333
235	48	0.25
236	235	0.25
238	235	0.25
238	236	0.25
241	63	0.5
241	20	0.5
243	242	0.5
246	245	1.0
248	19	0.25
248	2	0.25
250	30	1.0
253	55	0.5
254	55	0.5
256	255	0.5
256	60	0.5
259	72	1.0
264	61	0.25
265	61	0.25
266	265	0.25
267	264	0.25
267	265	0.25
267	61	0.25
271	270	0.5
276	223	0.33333
277	103	0.33333
283	54	0.33333
286	285	0.33333
287	284	0.33333
287	285	0.33333
287	286	0.33333
290	108	0.5
291	108	0.5
293	292	0.75
294	292	0.25
295	293	0.25
295	95	0.25
296	86	0.7
296	85	0.2
298	86	0.33333
299	86	0.33333
300	177	0.33333
301	300	0.33333
301	177	0.33333
301	26	0.33333
304	303	0.25
305	302	0.25
305	303	0.25
305	304	0.25
306	305	0.25
308	307	0.5
309	307	0.5
310	52	0.25
310	54	0.25
313	115	0.5
314	313	0.5
316	115	0.2
318	115	0.2
318	316	0.2
318	114	0.2
319	316	0.2
319	317	0.2
319	114	0.2
321	320	1.0
324	322	0.25
325	322	0.25
326	322	0.25
326	323	0.25
326	325	0.25
327	99	1.0
329	328	1.0
332	331	0.5
335	334	1.0
340	339	0.5
342	341	0.33333
344	341	0.33333
344	343	0.33333
345	98	1.0
346	65	1.0
351	83	1.0
355	51	0.25
357	354	0.25
357	356	0.25
360	84	0.33333
360	106	1.0
361	142	0.33333
362	142	0.33333
366	4	0.33333
366	365	0.33333
368	302	0.25
370	368	0.25
370	369	0.25
371	302	0.25
372	107	0.2
372	37	0.2
373	107	0.2
375	374	1.0
379	378	0.5
380	378	0.5
380	379	0.5
381	309	0.5
383	12	0.5
384	23	0.5
385	384	0.5
388	47	1.5
388	72	0.5
390	389	0.5
391	390	0.5
392	26	0.14286
392	82	0.14286
393	177	0.14286
393	50	0.14286
393	82	0.14286
394	177	0.14286
394	393	0.14286
394	26	0.14286
394	50	0.14286
395	393	0.14286
395	82	0.14286
399	397	0.25
399	398	0.25
400	399	0.25
402	56	0.16667
404	402	0.16667
404	403	0.16667
405	403	0.16667
405	404	0.16667
405	56	0.16667
406	404	0.16667
406	405	0.16667
407	62	0.5
408	407	0.5
409	142	0.33333
409	362	0.33333
411	22	0.25
412	22	0.25
412	411	0.25
412	192	0.25
413	22	0.25
413	412	0.25
414	116	0.33333
415	40	0.33333
421	419	0.33333
422	1	0.5
423	422	0.5
426	425	0.5
427	78	0.052632
430	78	0.052632
431	78	0.052632
431	429	0.052632
431	430	0.052632
432	427	0.052632
432	429	0.052632
432	430	0.052632
433	429	0.052632
433	430	0.052632
434	429	0.052632
434	433	0.052632
435	427	0.052632
435	429	0.052632
435	432	0.052632
435	433	0.052632
435	434	0.052632
436	427	0.052632
436	428	0.052632
436	429	0.052632
436	430	0.052632
436	433	0.052632
436	434	0.052632
436	435	0.052632
437	427	0.052632
437	430	0.052632
437	431	0.052632
437	433	0.052632
437	434	0.052632
438	78	0.052632
438	428	0.052632
438	429	0.052632
438	434	0.052632
438	435	0.052632
438	436	0.052632
438	437	0.052632
439	427	0.052632
439	428	0.052632
439	429	0.052632
439	430	0.052632
439	431	0.052632
439	432	0.052632
439	436	0.052632
439	438	0.052632
440	428	0.052632
440	430	0.052632
440	432	0.052632
440	433	0.052632
440	435	0.052632
441	427	0.052632
441	78	0.052632
441	428	0.052632
441	430	0.052632
441	431	0.052632
441	432	0.052632
442	427	0.052632
442	428	0.052632
442	429	0.052632
442	431	0.052632
442	432	0.052632
442	434	0.052632
442	436	0.052632
442	437	0.052632
442	439	0.052632
442	440	0.052632
443	428	0.052632
443	429	0.052632
443	432	0.052632
443	433	0.052632
443	434	0.052632
443	435	0.052632
443	437	0.052632
443	439	0.052632
443	441	0.052632
444	78	0.052632
444	428	0.052632
444	429	0.052632
444	431	0.052632
444	432	0.052632
444	435	0.052632
444	437	0.052632
444	438	0.052632
444	439	0.052632
444	443	0.052632
445	78	0.052632
445	429	0.052632
445	430	0.052632
445	435	0.052632
445	438	0.052632
445	439	0.052632
445	440	0.052632
445	442	0.052632
445	443	0.052632
445	444	0.052632
448	447	1.0
449	34	0.5
450	25	1.0
457	454	0.33333
457	456	0.33333
460	96	0.2
460	37	0.2
461	460	0.2
462	461	0.2
462	96	0.2
462	37	0.2
463	96	0.2
465	464	0.25
466	5	0.25
466	325	0.25
468	467	0.5
469	467	0.5
471	470	0.5
472	470	0.5
480	479	0.5
481	479	0.5
481	480	0.5
483	482	1.0
487	486	1.0
488	486	0.25
489	488	1.0
492	38	1.0
493	14	1.0
494	28	0.25
495	494	0.25
495	28	0.25
496	28	0.25
500	499	0.2
501	498	0.2
501	500	0.2
502	499	0.2
502	501	0.2
503	498	0.2
503	500	0.2
503	501	0.2
503	502	0.2
505	504	0.5
506	504	0.5
506	505	0.5
508	155	0.33333
509	155	0.33333
510	509	0.33333
511	29	0.25
511	104	0.25
512	29	0.25
513	511	0.25
518	6	0.5
518	2	0.5
521	1	1.0
522	70	0.2
523	71	0.2
523	522	0.2
523	70	0.2
524	71	0.2
524	523	0.2
527	526	0.5
528	527	0.5
529	488	0.25
530	488	0.25
531	530	0.25
536	534	0.33333
537	534	0.33333
537	535	0.33333
538	41	1.0
539	3	0.8333299999999999
539	6	0.5
540	3	0.33333
543	37	0.33333
545	81	0.33333
546	81	0.33333
546	545	0.33333
547	26	0.33333
548	177	0.33333
548	26	0.33333
549	10	0.14286
550	10	0.14286
551	10	0.14286
551	9	0.14286
552	9	0.14286
553	551	0.14286
553	552	0.14286
553	10	0.14286
553	9	0.14286
554	553	0.14286
554	10	0.14286
557	49	0.2
557	77	0.2
559	49	0.2
559	77	0.2
559	557	0.2
559	558	0.2
560	77	0.2
560	557	0.2
560	558	0.2
561	92	0.5
565	564	0.33333
566	77	0.5
574	66	0.5
574	12	0.5
128	59	0.33333
133	130	0.33333
148	145	0.125
159	31	0.33333
164	91	0.33333
166	165	1.0
168	167	1.0
191	183	0.125
204	20	0.5
205	34	0.8333299999999999
211	209	0.5
214	94	0.2
218	13	0.33333
226	100	0.14286
227	100	0.14286
237	236	0.25
249	248	0.25
283	52	0.33333
303	302	0.25
309	308	0.5
360	87	0.33333
372	36	0.2
387	386	1.0
401	397	0.25
403	402	0.16667
403	56	0.16667
408	62	0.5
432	431	0.052632
437	429	0.052632
440	431	0.052632
440	437	0.052632
442	78	0.052632
444	433	0.052632
445	432	0.052632
445	441	0.052632
446	428	0.33333
446	429	0.33333
463	460	0.2
469	468	0.5
473	24	0.5
474	24	0.5
491	490	1.0
497	28	0.25
499	498	0.2
503	499	0.2
512	104	0.25
517	516	1.0
520	519	1.0
529	486	0.25
535	534	0.33333
540	539	0.33333
540	2	0.33333
543	541	0.33333
554	552	0.14286
