122	11	0.5
123	0	0.5
125	64	2.5
126	64	1.0
127	64	0.5
128	58	0.33333
131	130	0.33333
133	131	0.33333
136	135	0.5
143	141	0.125
143	142	0.125
144	142	0.125
145	140	0.125
145	144	0.125
146	145	0.125
147	140	0.125
148	141	0.125
148	142	0.125
148	146	0.125
154	153	0.25
155	152	0.25
155	153	0.25
156	13	0.5
157	13	0.5
157	156	0.5
160	55	0.33333
169	109	0.58333
169	23	0.58333
170	109	0.25
171	23	0.25
176	175	1.0
177	27	0.33333
177	82	0.14286
186	185	0.125
187	183	0.125
187	186	0.125
189	187	0.125
189	188	0.125
190	186	0.125
190	189	0.125
191	184	0.125
191	185	0.125
191	186	0.125
193	16	0.5
196	32	0.33333
197	32	0.33333
197	196	0.33333
201	13	1.0
202	106	0.5
206	74	0.25
207	206	0.25
207	73	0.25
210	209	0.5
212	46	0.5
214	213	0.2
214	3	0.2
214	2	0.2
216	215	1.0
217	13	0.33333
219	217	0.33333
219	218	0.33333
222	221	0.5
223	100	0.78571
223	103	1.1191
223	101	0.14286
224	223	0.14286
225	100	0.14286
225	224	0.14286
225	113	0.14286
227	224	0.14286
227	225	0.14286
227	226	0.14286
229	100	0.14286
229	228	0.14286
229	103	0.14286
229	101	0.14286
229	102	0.14286
230	103	0.14286
230	101	0.14286
230	229	0.14286
238	48	0.25
243	242	0.5
248	2	0.25
254	253	0.5
258	257	1.0
261	260	1.0
266	61	0.25
267	266	0.25
267	61	0.25
271	270	0.5
274	272	1.5
274	273	0.5
275	17	0.8333299999999999
277	223	0.33333
282	281	0.5
286	284	0.33333
286	285	0.33333
287	284	0.33333
298	86	0.33333
299	86	0.33333
301	300	0.33333
301	177	0.33333
304	302	0.25
305	302	0.25
306	303	0.25
306	305	0.25
310	53	0.25
310	2	0.25
314	115	0.5
317	114	0.2
318	316	0.2
318	317	0.2
319	115	0.2
319	318	0.2
321	320	1.0
325	323	0.25
329	328	1.0
335	334	1.0
339	338	0.5
342	341	0.33333
344	341	0.33333
344	342	0.33333
347	34	0.33333
347	20	0.33333
354	51	0.25
357	354	0.25
360	67	0.33333
366	4	0.33333
368	302	0.25
369	302	0.25
370	368	0.25
371	370	0.25
372	37	0.2
373	372	0.2
380	378	0.5
385	384	0.5
388	47	1.5
391	389	0.5
392	50	0.14286
392	82	0.14286
394	26	0.14286
394	82	0.14286
395	392	0.14286
395	177	0.14286
395	50	0.14286
399	398	0.25
400	398	0.25
400	399	0.25
401	400	0.25
402	56	0.16667
403	45	0.16667
404	402	0.16667
404	45	0.16667
405	45	0.16667
406	402	0.16667
406	45	0.16667
413	411	0.25
415	40	0.33333
416	105	1.0
419	418	0.33333
420	419	0.33333
421	420	0.33333
431	429	0.052632
433	432	0.052632
434	428	0.052632
434	431	0.052632
435	427	0.052632
435	78	0.052632
435	428	0.052632
435	431	0.052632
436	429	0.052632
436	430	0.052632
436	431	0.052632
436	434	0.052632
436	435	0.052632
437	427	0.052632
437	431	0.052632
437	435	0.052632
437	436	0.052632
438	78	0.052632
438	429	0.052632
438	431	0.052632
439	78	0.052632
440	428	0.052632
440	430	0.052632
440	432	0.052632
440	436	0.052632
440	439	0.052632
441	427	0.052632
441	429	0.052632
441	436	0.052632
441	437	0.052632
442	429	0.052632
442	434	0.052632
442	441	0.052632
443	427	0.052632
443	430	0.052632
443	431	0.052632
443	433	0.052632
444	429	0.052632
444	431	0.052632
444	432	0.052632
444	435	0.052632
444	440	0.052632
444	443	0.052632
445	433	0.052632
445	436	0.052632
445	437	0.052632
445	439	0.052632
445	440	0.052632
448	447	1.0
453	61	1.0
455	454	0.33333
457	455	0.33333
458	65	0.33333
458	18	0.33333
458	21	0.33333
459	8	0.5
460	37	0.2
462	461	0.2
462	96	0.2
463	37	0.2
465	5	0.25
465	325	0.25
466	465	0.25
468	467	0.5
472	470	0.5
476	475	1.0
477	15	0.5
478	477	0.5
478	15	0.5
480	479	0.5
481	480	0.5
488	486	0.25
492	38	1.0
496	28	0.25
497	494	0.25
501	499	0.2
501	500	0.2
502	499	0.2
506	505	0.5
510	508	0.33333
512	511	0.25
518	2	0.5
521	1	1.0
523	71	0.2
524	71	0.2
525	95	1.0
531	530	0.25
536	534	0.33333
537	535	0.33333
537	536	0.33333
539	3	0.8333299999999999
539	6	0.5
541	37	0.33333
546	544	0.33333
546	545	0.33333
547	177	0.33333
547	26	0.33333
548	177	0.33333
550	549	0.14286
551	550	0.14286
552	549	0.14286
552	9	0.14286
554	9	0.14286
556	555	1.0
557	77	0.2
558	49	0.2
558	77	0.2
559	77	0.2
559	557	0.2
560	49	0.2
560	557	0.2
560	559	0.2
564	563	0.33333
565	564	0.33333
148	143	0.125
148	145	0.125
159	31	0.33333
168	167	1.0
189	184	0.125
199	198	1.0
211	209	0.5
228	103	0.14286
248	6	0.25
283	52	0.33333
292	95	0.75
299	297	0.33333
300	26	0.33333
309	308	0.5
353	352	0.5
370	302	0.25
402	45	0.16667
437	428	0.052632
440	78	0.052632
446	427	0.33333
463	461	0.2
474	24	0.5
491	490	1.0
497	28	0.25
499	498	0.2
507	498	0.5
512	104	0.25
513	512	0.25
513	104	0.25
517	516	1.0
529	486	0.25
570	569	1.0
