120	34	2.0
121	11	0.5
125	64	2.5
127	64	0.5
127	125	0.5
128	58	0.33333
128	111	0.33333
129	59	0.8333299999999999
129	111	0.8333299999999999
131	130	0.33333
133	131	0.33333
138	137	0.5
142	140	0.125
142	141	0.125
143	140	0.125
143	141	0.125
144	142	0.125
144	143	0.125
146	141	0.125
146	143	0.125
146	145	0.125
147	140	0.125
147	145	0.125
147	146	0.125
148	142	0.125
148	146	0.125
152	151	0.25
153	152	0.25
155	151	0.25
155	154	0.25
156	13	0.5
157	156	0.5
160	31	0.33333
162	161	1.0
164	79	0.8333299999999999
169	109	0.58333
170	109	0.25
170	23	0.25
171	170	0.25
171	109	0.25
176	175	1.0
177	50	1.4762
177	26	2.1429
180	178	0.25
180	179	0.25
182	179	0.25
182	180	0.25
184	183	0.125
185	183	0.125
185	184	0.125
188	183	0.125
188	185	0.125
189	183	0.125
189	187	0.125
190	184	0.125
190	185	0.125
190	187	0.125
190	189	0.125
191	185	0.125
191	186	0.125
191	188	0.125
191	189	0.125
192	16	0.5
192	22	1.25
195	194	1.0
196	33	0.33333
196	32	0.33333
197	196	0.33333
200	93	1.0
202	106	0.5
203	202	0.5
203	106	0.5
208	39	1.0
213	6	0.2
213	3	0.2
213	94	0.2
214	213	0.2
217	13	0.33333
219	218	0.33333
219	13	0.33333
221	220	0.5
222	221	0.5
223	100	0.78571
223	113	0.14286
223	102	0.14286
224	100	0.14286
224	103	0.14286
225	103	0.14286
226	223	0.14286
226	225	0.14286
227	103	0.14286
227	224	0.14286
227	225	0.14286
228	101	0.14286
229	228	0.14286
229	103	0.14286
229	223	0.14286
229	101	0.14286
229	102	0.14286
230	103	0.14286
230	223	0.14286
230	229	0.14286
230	102	0.14286
232	231	0.33333
234	232	0.33333
234	233	0.33333
237	235	0.25
238	235	0.25
238	48	0.25
238	237	0.25
241	63	0.5
243	242	0.5
244	242	0.5
244	243	0.5
246	245	1.0
249	19	0.25
249	2	0.25
252	251	1.0
254	55	0.5
259	72	1.0
261	260	1.0
263	262	1.0
266	264	0.25
266	61	0.25
267	264	0.25
267	61	0.25
270	60	0.5
273	272	0.5
274	272	1.5
275	89	0.8333299999999999
275	17	0.8333299999999999
277	223	0.33333
277	276	0.33333
279	278	1.0
283	53	0.33333
287	286	0.33333
289	44	0.5
290	108	0.5
291	290	0.5
294	292	0.25
294	95	0.25
295	95	0.25
296	84	0.2
299	298	0.33333
301	26	0.33333
304	302	0.25
304	303	0.25
305	302	0.25
305	303	0.25
305	304	0.25
306	302	0.25
306	303	0.25
306	304	0.25
308	307	0.5
309	307	0.5
310	52	0.25
312	311	1.0
314	313	0.5
315	115	1.0
316	115	0.2
317	316	0.2
317	114	0.2
318	115	0.2
318	316	0.2
318	317	0.2
324	322	0.25
325	323	0.25
326	322	0.25
326	323	0.25
326	324	0.25
326	325	0.25
333	332	0.5
337	336	1.0
340	338	0.5
340	339	0.5
342	341	0.33333
343	341	0.33333
344	341	0.33333
344	342	0.33333
344	343	0.33333
346	65	1.0
347	34	0.33333
347	20	0.33333
347	205	0.33333
348	34	0.5
349	34	0.5
354	51	0.25
357	355	0.25
357	51	0.25
359	358	1.0
360	84	0.33333
361	142	0.33333
365	4	1.3333
366	365	0.33333
368	302	0.25
369	302	0.25
371	368	0.25
371	370	0.25
372	106	0.2
373	107	0.2
373	372	0.2
373	36	0.2
373	37	0.2
373	106	0.2
380	379	0.5
381	309	0.5
382	381	0.5
382	309	0.5
383	12	0.5
384	23	0.5
385	384	0.5
385	23	0.5
392	177	0.14286
393	392	0.14286
393	177	0.14286
394	392	0.14286
394	177	0.14286
394	26	0.14286
394	82	0.14286
395	392	0.14286
395	177	0.14286
395	26	0.14286
395	50	0.14286
398	397	0.25
399	397	0.25
400	397	0.25
400	398	0.25
400	399	0.25
401	400	0.25
402	56	0.16667
403	45	0.16667
404	402	0.16667
404	45	0.16667
405	402	0.16667
405	45	0.16667
405	404	0.16667
405	56	0.16667
406	402	0.16667
406	403	0.16667
406	45	0.16667
406	404	0.16667
406	56	0.16667
409	361	0.33333
410	117	1.0
411	22	0.25
411	192	0.25
412	22	0.25
413	192	0.25
415	414	0.33333
415	40	0.33333
416	105	1.0
419	418	0.33333
420	418	0.33333
420	419	0.33333
421	418	0.33333
421	419	0.33333
421	420	0.33333
422	1	0.5
423	422	0.5
423	1	1.5
425	424	0.5
426	425	0.5
427	78	0.052632
429	427	0.38597
429	428	0.38597
430	428	0.052632
430	429	0.052632
431	427	0.052632
431	78	0.052632
432	427	0.052632
432	430	0.052632
433	427	0.052632
433	428	0.052632
433	429	0.052632
434	427	0.052632
434	78	0.052632
434	428	0.052632
434	429	0.052632
434	430	0.052632
434	431	0.052632
435	428	0.052632
435	429	0.052632
435	432	0.052632
435	433	0.052632
436	428	0.052632
436	429	0.052632
436	431	0.052632
436	432	0.052632
436	433	0.052632
436	434	0.052632
437	78	0.052632
437	431	0.052632
437	433	0.052632
437	436	0.052632
438	427	0.052632
438	78	0.052632
438	430	0.052632
438	431	0.052632
438	434	0.052632
438	435	0.052632
438	436	0.052632
439	78	0.052632
439	430	0.052632
439	431	0.052632
439	432	0.052632
439	433	0.052632
439	435	0.052632
440	428	0.052632
440	429	0.052632
440	432	0.052632
440	433	0.052632
440	434	0.052632
440	435	0.052632
440	436	0.052632
440	438	0.052632
441	427	0.052632
441	430	0.052632
441	431	0.052632
441	435	0.052632
441	438	0.052632
441	439	0.052632
442	428	0.052632
442	431	0.052632
442	432	0.052632
442	435	0.052632
442	436	0.052632
442	437	0.052632
442	440	0.052632
443	427	0.052632
443	429	0.052632
443	433	0.052632
443	434	0.052632
443	437	0.052632
443	438	0.052632
443	439	0.052632
443	440	0.052632
444	78	0.052632
444	431	0.052632
444	434	0.052632
444	436	0.052632
444	439	0.052632
444	441	0.052632
444	442	0.052632
444	443	0.052632
445	427	0.052632
445	429	0.052632
445	435	0.052632
445	436	0.052632
445	439	0.052632
445	443	0.052632
445	444	0.052632
451	364	1.0
452	83	1.0
456	454	0.33333
456	455	0.33333
459	7	0.5
459	8	0.5
460	96	0.2
461	460	0.2
461	37	0.2
463	96	0.2
463	37	0.2
464	5	0.25
464	325	0.25
465	5	0.25
465	325	0.25
466	325	0.25
466	465	0.25
469	467	0.5
472	470	0.5
474	473	0.5
476	475	1.0
477	15	0.5
478	15	0.5
481	480	0.5
489	488	1.0
492	38	1.0
494	28	0.25
495	494	0.25
497	494	0.25
497	495	0.25
498	113	0.5
500	499	0.2
501	498	0.2
502	500	0.2
502	501	0.2
503	498	0.2
503	500	0.2
503	501	0.2
505	504	0.5
506	504	0.5
507	113	0.5
508	155	0.33333
509	508	0.33333
510	155	0.33333
511	29	0.25
511	104	0.25
512	511	0.25
512	29	0.25
513	29	0.25
515	514	1.0
521	1	1.0
522	70	0.2
522	69	0.2
523	71	0.2
523	522	0.2
524	522	0.2
524	523	0.2
524	70	0.2
524	69	0.2
530	486	0.25
531	530	0.25
533	532	1.0
536	534	0.33333
538	41	1.0
539	2	1.3333
541	37	0.33333
544	81	0.33333
546	544	0.33333
546	81	0.33333
546	545	0.33333
547	177	0.33333
547	26	0.33333
548	547	0.33333
548	26	0.33333
549	10	0.14286
549	9	0.14286
550	549	0.14286
550	10	0.14286
551	10	0.14286
551	9	0.14286
552	10	0.14286
553	549	0.14286
553	551	0.14286
553	552	0.14286
553	10	0.14286
554	549	0.14286
554	550	0.14286
554	10	0.14286
556	555	1.0
558	49	0.2
558	77	0.2
559	49	0.2
559	77	0.2
559	557	0.2
559	558	0.2
560	558	0.2
561	77	0.5
565	562	0.33333
565	563	0.33333
565	564	0.33333
566	77	0.5
568	567	1.0
572	571	1.0
573	571	1.0
574	12	0.5
119	118	1.0
128	59	0.33333
132	130	0.33333
133	130	0.33333
146	140	0.125
146	142	0.125
164	91	0.33333
168	167	1.0
181	180	0.25
189	184	0.125
199	198	1.0
205	34	0.8333299999999999
214	94	0.2
218	217	0.33333
218	13	0.33333
230	100	0.14286
237	236	0.25
248	6	0.25
275	90	0.33333
283	52	0.33333
292	95	0.75
296	37	0.7
299	297	0.33333
303	302	0.25
309	308	0.5
353	352	0.5
353	54	0.5
370	302	0.25
372	36	0.2
387	386	1.0
403	402	0.16667
408	62	0.5
428	427	0.38597
429	78	0.052632
440	78	0.052632
440	431	0.052632
440	437	0.052632
442	78	0.052632
442	433	0.052632
442	438	0.052632
444	433	0.052632
445	432	0.052632
446	427	0.33333
446	428	0.33333
446	429	0.33333
463	460	0.2
469	468	0.5
473	24	0.5
499	498	0.2
512	104	0.25
513	104	0.25
517	516	1.0
520	519	1.0
529	486	0.25
535	534	0.33333
540	539	0.33333
558	557	0.2
570	569	1.0
