120	34	2.0
122	11	0.5
123	0	0.5
125	64	2.5
126	64	1.0
126	21	0.5
127	64	0.5
128	58	0.33333
128	111	0.33333
131	130	0.33333
132	131	0.33333
133	131	0.33333
133	132	0.33333
135	134	0.5
136	135	0.5
139	138	0.5
142	140	0.125
142	141	0.125
143	141	0.125
144	141	0.125
144	142	0.125
145	142	0.125
145	144	0.125
146	141	0.125
146	143	0.125
147	143	0.125
148	140	0.125
148	141	0.125
148	142	0.125
148	146	0.125
148	147	0.125
150	149	1.0
152	151	0.25
153	151	0.25
153	152	0.25
154	153	0.25
155	153	0.25
155	154	0.25
159	55	0.33333
160	31	0.33333
160	55	0.33333
162	161	1.0
164	80	0.33333
164	3	0.5
169	109	0.58333
169	23	0.58333
170	23	0.25
171	109	0.25
171	23	0.25
172	169	0.33333
177	50	1.4762
180	179	0.25
181	178	0.25
181	179	0.25
182	180	0.25
186	185	0.125
187	183	0.125
187	184	0.125
189	183	0.125
189	187	0.125
190	186	0.125
191	187	0.125
192	16	0.5
193	192	0.5
195	194	1.0
196	33	0.33333
197	33	0.33333
200	93	1.0
201	13	1.0
202	106	0.5
203	202	0.5
204	15	0.5
205	20	0.8333299999999999
206	73	0.25
206	74	0.25
207	206	0.25
207	73	0.25
213	6	0.2
213	3	0.2
213	94	0.2
217	13	0.33333
219	217	0.33333
219	218	0.33333
219	13	0.33333
221	220	0.5
222	220	0.5
222	221	0.5
223	103	1.1191
223	113	0.14286
223	101	0.14286
224	100	0.14286
224	103	0.14286
224	223	0.14286
225	100	0.14286
225	113	0.14286
226	103	0.14286
226	224	0.14286
227	224	0.14286
228	100	0.14286
228	223	0.14286
229	228	0.14286
229	103	0.14286
229	223	0.14286
229	101	0.14286
230	223	0.14286
230	101	0.14286
232	231	0.33333
234	231	0.33333
234	233	0.33333
235	48	0.25
236	48	0.25
237	235	0.25
238	235	0.25
238	236	0.25
241	20	0.5
243	242	0.5
244	242	0.5
244	243	0.5
246	245	1.0
247	245	1.0
248	19	0.25
249	2	0.25
250	30	1.0
254	253	0.5
255	60	0.5
256	60	0.5
258	257	1.0
259	72	1.0
263	262	1.0
264	61	0.25
270	60	0.5
271	270	0.5
273	272	0.5
274	272	1.5
274	273	0.5
275	17	0.8333299999999999
276	103	0.33333
277	276	0.33333
279	278	1.0
282	280	0.5
282	281	0.5
283	53	0.33333
283	54	0.33333
285	284	0.33333
286	284	0.33333
286	285	0.33333
287	285	0.33333
287	286	0.33333
288	97	1.0
290	108	0.5
291	290	0.5
294	292	0.25
295	292	0.25
295	293	0.25
295	95	0.25
295	294	0.25
296	86	0.7
296	85	0.2
296	36	0.2
297	86	0.33333
298	86	0.33333
298	297	0.33333
301	300	0.33333
301	177	0.33333
301	26	0.33333
304	302	0.25
306	302	0.25
306	303	0.25
306	304	0.25
306	305	0.25
308	307	0.5
309	307	0.5
310	54	0.25
312	311	1.0
314	115	0.5
314	313	0.5
318	115	0.2
319	115	0.2
319	316	0.2
319	317	0.2
324	322	0.25
325	323	0.25
325	324	0.25
329	328	1.0
332	331	0.5
333	331	0.5
333	332	0.5
337	336	1.0
339	338	0.5
342	341	0.33333
344	342	0.33333
345	98	1.0
347	20	0.33333
347	205	0.33333
348	34	0.5
349	348	0.5
351	83	1.0
355	51	0.25
356	354	0.25
356	355	0.25
357	354	0.25
357	355	0.25
357	356	0.25
357	51	0.25
359	358	1.0
360	67	0.33333
360	84	0.33333
360	106	1.0
361	360	1.0
361	142	0.33333
362	360	1.0
362	361	2.3333
362	142	0.33333
363	360	1.0
366	57	0.33333
367	4	1.0
370	368	0.25
370	369	0.25
372	107	0.2
372	37	0.2
372	106	0.2
373	107	0.2
373	372	0.2
373	106	0.2
375	374	1.0
377	376	1.0
379	378	0.5
380	378	0.5
381	309	0.5
382	381	0.5
383	12	0.5
384	23	0.5
385	384	0.5
388	72	0.5
391	390	0.5
392	26	0.14286
393	82	0.14286
394	177	0.14286
394	26	0.14286
394	82	0.14286
395	392	0.14286
395	50	0.14286
398	397	0.25
399	397	0.25
400	397	0.25
401	398	0.25
401	400	0.25
404	402	0.16667
404	403	0.16667
404	45	0.16667
405	403	0.16667
405	45	0.16667
405	404	0.16667
405	56	0.16667
406	404	0.16667
406	56	0.16667
406	405	0.16667
407	62	0.5
409	361	0.33333
410	117	1.0
411	192	0.25
412	22	0.25
412	411	0.25
412	192	0.25
413	22	0.25
413	411	0.25
414	40	0.33333
415	414	0.33333
415	40	0.33333
417	342	1.0
419	418	0.33333
420	418	0.33333
420	419	0.33333
421	419	0.33333
422	1	0.5
425	424	0.5
426	424	0.5
427	78	0.052632
429	427	0.38597
429	428	0.38597
430	427	0.052632
431	427	0.052632
431	428	0.052632
432	427	0.052632
432	428	0.052632
432	430	0.052632
433	427	0.052632
433	78	0.052632
433	428	0.052632
433	430	0.052632
433	432	0.052632
434	430	0.052632
434	432	0.052632
434	433	0.052632
435	78	0.052632
435	428	0.052632
435	429	0.052632
435	430	0.052632
435	431	0.052632
435	432	0.052632
435	433	0.052632
435	434	0.052632
436	427	0.052632
436	428	0.052632
436	429	0.052632
436	430	0.052632
436	433	0.052632
437	430	0.052632
437	431	0.052632
437	432	0.052632
437	433	0.052632
437	434	0.052632
438	428	0.052632
438	433	0.052632
438	434	0.052632
438	435	0.052632
438	436	0.052632
439	427	0.052632
439	428	0.052632
439	431	0.052632
439	432	0.052632
439	437	0.052632
440	428	0.052632
440	429	0.052632
440	430	0.052632
440	432	0.052632
440	434	0.052632
441	78	0.052632
441	428	0.052632
441	431	0.052632
441	432	0.052632
441	434	0.052632
441	437	0.052632
441	439	0.052632
441	440	0.052632
442	429	0.052632
442	431	0.052632
442	432	0.052632
442	434	0.052632
442	436	0.052632
442	437	0.052632
442	440	0.052632
442	441	0.052632
443	427	0.052632
443	430	0.052632
443	433	0.052632
443	434	0.052632
443	435	0.052632
443	436	0.052632
443	440	0.052632
443	442	0.052632
444	427	0.052632
444	78	0.052632
444	428	0.052632
444	430	0.052632
444	432	0.052632
444	434	0.052632
444	439	0.052632
445	428	0.052632
445	430	0.052632
445	431	0.052632
445	435	0.052632
445	437	0.052632
445	438	0.052632
445	439	0.052632
445	440	0.052632
445	444	0.052632
450	25	1.0
451	364	1.0
452	83	1.0
453	61	1.0
455	454	0.33333
456	454	0.33333
457	455	0.33333
457	456	0.33333
458	21	0.33333
461	37	0.2
463	96	0.2
463	462	0.2
464	5	0.25
466	5	0.25
466	465	0.25
469	467	0.5
477	15	0.5
478	477	0.5
478	15	0.5
480	479	0.5
481	479	0.5
481	480	0.5
485	484	0.5
485	176	0.5
487	486	1.0
489	488	1.0
493	14	1.0
494	28	0.25
495	28	0.25
496	495	0.25
497	494	0.25
498	113	0.5
502	500	0.2
503	501	0.2
503	502	0.2
506	504	0.5
507	113	0.5
509	155	0.33333
509	508	0.33333
510	155	0.33333
511	29	0.25
512	29	0.25
518	6	0.5
521	1	1.0
523	522	0.2
523	69	0.2
524	71	0.2
524	522	0.2
524	523	0.2
524	70	0.2
525	95	1.0
527	526	0.5
528	527	0.5
529	488	0.25
530	529	0.25
531	488	0.25
531	486	0.25
536	534	0.33333
537	536	0.33333
539	6	0.5
541	37	0.33333
542	37	0.33333
543	542	0.33333
545	81	0.33333
546	544	0.33333
546	81	0.33333
547	26	0.33333
549	10	0.14286
549	9	0.14286
550	549	0.14286
550	9	0.14286
551	549	0.14286
551	550	0.14286
551	10	0.14286
552	550	0.14286
552	551	0.14286
553	10	0.14286
554	551	0.14286
554	553	0.14286
557	49	0.2
557	77	0.2
559	49	0.2
559	77	0.2
559	558	0.2
560	77	0.2
561	77	0.5
564	562	0.33333
565	562	0.33333
565	563	0.33333
566	77	0.5
568	567	1.0
572	571	1.0
574	66	0.5
574	12	0.5
119	118	1.0
146	140	0.125
146	142	0.125
166	165	1.0
168	167	1.0
179	178	0.25
181	180	0.25
189	184	0.125
191	183	0.125
204	20	0.5
207	75	0.25
214	94	0.2
218	13	0.33333
226	100	0.14286
228	103	0.14286
230	100	0.14286
237	236	0.25
248	6	0.25
249	248	0.25
271	60	0.5
303	302	0.25
309	308	0.5
330	68	1.0
393	26	0.14286
401	399	0.25
402	45	0.16667
408	62	0.5
415	116	0.33333
429	78	0.052632
437	428	0.052632
437	429	0.052632
440	431	0.052632
442	78	0.052632
442	433	0.052632
442	438	0.052632
444	433	0.052632
445	441	0.052632
446	428	0.33333
446	429	0.33333
449	35	0.5
473	24	0.5
497	28	0.25
503	499	0.2
512	104	0.25
513	512	0.25
513	104	0.25
517	516	1.0
535	534	0.33333
540	539	0.33333
540	2	0.33333
543	541	0.33333
553	550	0.14286
554	552	0.14286
