120	34	2.0
122	11	0.5
123	0	0.5
125	64	2.5
126	125	0.5
128	111	0.33333
131	130	0.33333
132	131	0.33333
133	131	0.33333
133	132	0.33333
136	135	0.5
142	140	0.125
143	141	0.125
144	140	0.125
144	141	0.125
145	140	0.125
145	141	0.125
146	145	0.125
147	140	0.125
147	141	0.125
147	144	0.125
147	145	0.125
148	142	0.125
148	146	0.125
150	149	1.0
152	151	0.25
154	153	0.25
155	151	0.25
155	153	0.25
158	88	0.5
159	55	0.33333
160	31	0.33333
163	110	1.0
169	109	0.58333
170	109	0.25
170	23	0.25
172	109	0.33333
176	175	1.0
177	50	1.4762
177	26	2.1429
180	178	0.25
180	179	0.25
181	178	0.25
186	185	0.125
187	186	0.125
188	187	0.125
189	185	0.125
190	183	0.125
190	184	0.125
190	187	0.125
191	187	0.125
191	188	0.125
191	189	0.125
191	190	0.125
193	192	0.5
197	33	0.33333
197	196	0.33333
200	93	1.0
201	13	1.0
206	73	0.25
208	39	1.0
210	209	0.5
213	3	0.2
222	221	0.5
223	103	1.1191
223	113	0.14286
223	101	0.14286
224	100	0.14286
224	223	0.14286
225	103	0.14286
225	224	0.14286
226	223	0.14286
226	113	0.14286
227	113	0.14286
228	101	0.14286
228	102	0.14286
229	228	0.14286
229	103	0.14286
229	102	0.14286
230	228	0.14286
230	101	0.14286
235	48	0.25
238	235	0.25
244	243	0.5
246	245	1.0
248	2	0.25
249	19	0.25
249	2	0.25
250	30	1.0
253	55	0.5
254	55	0.5
255	60	0.5
270	60	0.5
271	270	0.5
277	223	0.33333
277	276	0.33333
277	103	0.33333
281	280	0.5
283	54	0.33333
287	285	0.33333
289	43	0.5
289	44	0.5
291	108	0.5
294	95	0.25
296	85	0.2
296	84	0.2
300	177	0.33333
301	300	0.33333
308	307	0.5
310	2	0.25
312	311	1.0
313	115	0.5
315	115	1.0
317	115	0.2
318	317	0.2
318	114	0.2
319	115	0.2
319	317	0.2
319	114	0.2
323	322	0.25
325	322	0.25
325	5	0.25
326	323	0.25
326	325	0.25
329	328	1.0
332	331	0.5
333	331	0.5
337	336	1.0
340	338	0.5
340	339	0.5
342	341	0.33333
343	342	0.33333
344	341	0.33333
345	98	1.0
346	65	1.0
347	34	0.33333
347	20	0.33333
347	205	0.33333
349	34	0.5
351	83	1.0
354	51	0.25
355	354	0.25
356	51	0.25
357	354	0.25
362	360	1.0
362	142	0.33333
365	57	0.33333
366	365	0.33333
368	302	0.25
369	368	0.25
373	37	0.2
373	106	0.2
377	376	1.0
380	379	0.5
384	23	0.5
391	390	0.5
394	392	0.14286
394	177	0.14286
394	393	0.14286
394	26	0.14286
394	82	0.14286
395	82	0.14286
401	400	0.25
403	45	0.16667
405	402	0.16667
405	45	0.16667
405	404	0.16667
406	45	0.16667
408	407	0.5
409	362	0.33333
411	22	0.25
412	22	0.25
413	22	0.25
413	412	0.25
414	40	0.33333
415	40	0.33333
419	418	0.33333
423	1	1.5
426	425	0.5
431	427	0.052632
431	78	0.052632
431	428	0.052632
431	429	0.052632
431	430	0.052632
432	428	0.052632
432	429	0.052632
432	430	0.052632
433	430	0.052632
434	78	0.052632
434	430	0.052632
434	432	0.052632
435	78	0.052632
436	428	0.052632
436	430	0.052632
437	427	0.052632
438	428	0.052632
438	434	0.052632
438	436	0.052632
439	78	0.052632
439	428	0.052632
439	435	0.052632
439	438	0.052632
440	432	0.052632
440	439	0.052632
441	427	0.052632
441	431	0.052632
441	433	0.052632
441	435	0.052632
441	438	0.052632
442	428	0.052632
442	429	0.052632
442	431	0.052632
442	440	0.052632
443	427	0.052632
443	428	0.052632
443	432	0.052632
443	433	0.052632
444	427	0.052632
444	428	0.052632
444	432	0.052632
444	441	0.052632
445	428	0.052632
445	436	0.052632
445	437	0.052632
450	25	1.0
451	364	1.0
452	83	1.0
453	61	1.0
458	21	0.33333
459	8	0.5
461	460	0.2
462	96	0.2
462	37	0.2
465	464	0.25
465	325	0.25
466	5	0.25
466	325	0.25
471	470	0.5
472	470	0.5
477	15	0.5
478	15	0.5
483	482	1.0
484	176	0.5
496	28	0.25
497	496	0.25
500	498	0.2
501	499	0.2
502	498	0.2
502	501	0.2
503	498	0.2
503	500	0.2
506	504	0.5
506	505	0.5
510	508	0.33333
510	509	0.33333
513	511	0.25
513	29	0.25
515	514	1.0
522	71	0.2
522	70	0.2
523	70	0.2
528	526	0.5
528	527	0.5
531	529	0.25
533	532	1.0
543	542	0.33333
544	81	0.33333
548	177	0.33333
552	549	0.14286
553	549	0.14286
553	9	0.14286
554	10	0.14286
554	9	0.14286
559	49	0.2
560	557	0.2
560	559	0.2
561	77	0.5
565	562	0.33333
566	77	0.5
566	76	0.5
574	12	0.5
128	59	0.33333
129	112	0.33333
164	91	0.33333
168	167	1.0
189	184	0.125
205	34	0.8333299999999999
218	217	0.33333
226	100	0.14286
227	100	0.14286
249	248	0.25
271	60	0.5
275	90	0.33333
296	37	0.7
387	386	1.0
402	45	0.16667
415	116	0.33333
440	78	0.052632
449	35	0.5
463	460	0.2
491	490	1.0
499	498	0.2
513	512	0.25
513	104	0.25
535	534	0.33333
540	2	0.33333
543	541	0.33333
570	569	1.0
