122	11	0.5
125	124	0.5
132	131	0.33333
133	131	0.33333
135	134	0.5
136	134	0.5
136	135	0.5
139	137	0.5
141	140	0.125
142	140	0.125
143	141	0.125
143	142	0.125
144	140	0.125
144	141	0.125
144	142	0.125
144	143	0.125
145	140	0.125
145	141	0.125
145	142	0.125
146	143	0.125
146	144	0.125
146	145	0.125
147	140	0.125
147	142	0.125
147	144	0.125
147	145	0.125
148	140	0.125
148	142	0.125
152	151	0.25
153	151	0.25
154	152	0.25
154	153	0.25
155	152	0.25
157	156	0.5
158	13	0.5
159	55	0.33333
160	31	0.33333
164	80	0.33333
170	169	0.25
170	109	0.25
170	23	0.25
171	170	0.25
171	23	0.25
172	169	0.33333
172	109	0.33333
176	175	1.0
177	27	0.33333
177	50	1.4762
181	178	0.25
181	179	0.25
184	183	0.125
185	184	0.125
186	185	0.125
187	183	0.125
187	184	0.125
188	183	0.125
188	186	0.125
189	186	0.125
189	187	0.125
190	186	0.125
190	188	0.125
190	189	0.125
191	184	0.125
191	186	0.125
191	188	0.125
191	190	0.125
195	194	1.0
196	33	0.33333
197	33	0.33333
197	196	0.33333
203	106	0.5
206	73	0.25
206	74	0.25
206	75	0.25
207	74	0.25
210	209	0.5
211	210	0.5
212	45	0.5
217	13	0.33333
222	221	0.5
223	113	0.14286
223	102	0.14286
224	103	0.14286
225	224	0.14286
225	113	0.14286
226	223	0.14286
226	224	0.14286
226	113	0.14286
227	223	0.14286
227	113	0.14286
228	223	0.14286
228	101	0.14286
229	100	0.14286
229	103	0.14286
229	102	0.14286
230	223	0.14286
230	229	0.14286
234	231	0.33333
234	232	0.33333
235	48	0.25
238	48	0.25
238	237	0.25
241	63	0.5
241	20	0.5
243	242	0.5
246	245	1.0
254	55	0.5
256	60	0.5
265	264	0.25
266	264	0.25
267	264	0.25
267	265	0.25
269	268	1.0
271	270	0.5
275	17	0.8333299999999999
276	223	0.33333
277	276	0.33333
281	280	0.5
282	280	0.5
282	281	0.5
283	54	0.33333
285	284	0.33333
286	284	0.33333
287	284	0.33333
287	285	0.33333
288	97	1.0
290	108	0.5
291	108	0.5
293	292	0.75
295	95	0.25
296	86	0.7
296	85	0.2
296	84	0.2
299	86	0.33333
300	177	0.33333
301	300	0.33333
305	303	0.25
305	304	0.25
306	303	0.25
306	304	0.25
308	307	0.5
310	52	0.25
310	2	0.25
310	54	0.25
312	311	1.0
313	115	0.5
314	115	0.5
316	115	0.2
316	114	0.2
317	114	0.2
318	115	0.2
318	317	0.2
318	114	0.2
325	323	0.25
325	324	0.25
326	323	0.25
329	328	1.0
333	331	0.5
337	336	1.0
340	338	0.5
343	342	0.33333
344	341	0.33333
344	343	0.33333
347	20	0.33333
348	34	0.5
349	348	0.5
352	54	0.5
354	51	0.25
356	355	0.25
357	356	0.25
357	51	0.25
362	142	0.33333
363	360	1.0
366	57	0.33333
369	368	0.25
369	302	0.25
371	369	0.25
372	107	0.2
373	106	0.2
377	376	1.0
379	378	0.5
380	379	0.5
382	381	0.5
383	66	0.5
388	47	1.5
390	389	0.5
391	389	0.5
393	177	0.14286
393	82	0.14286
394	177	0.14286
394	393	0.14286
394	50	0.14286
395	26	0.14286
395	394	0.14286
395	82	0.14286
398	397	0.25
401	398	0.25
401	400	0.25
403	45	0.16667
404	402	0.16667
404	403	0.16667
405	402	0.16667
405	403	0.16667
405	56	0.16667
409	142	0.33333
410	117	1.0
411	22	0.25
412	22	0.25
412	411	0.25
412	192	0.25
413	22	0.25
415	414	0.33333
416	105	1.0
419	418	0.33333
420	418	0.33333
420	419	0.33333
422	1	0.5
426	424	0.5
427	78	0.052632
429	427	0.38597
430	427	0.052632
430	429	0.052632
431	78	0.052632
432	430	0.052632
433	427	0.052632
433	78	0.052632
433	428	0.052632
433	431	0.052632
434	78	0.052632
435	78	0.052632
435	433	0.052632
435	434	0.052632
436	430	0.052632
436	432	0.052632
437	427	0.052632
437	431	0.052632
437	434	0.052632
437	435	0.052632
438	427	0.052632
438	429	0.052632
438	432	0.052632
438	434	0.052632
438	437	0.052632
439	78	0.052632
439	429	0.052632
439	436	0.052632
439	438	0.052632
440	428	0.052632
440	429	0.052632
440	435	0.052632
441	427	0.052632
441	432	0.052632
441	435	0.052632
441	436	0.052632
441	437	0.052632
441	440	0.052632
442	428	0.052632
442	430	0.052632
442	431	0.052632
442	432	0.052632
442	435	0.052632
442	436	0.052632
442	437	0.052632
442	439	0.052632
443	78	0.052632
443	428	0.052632
443	429	0.052632
443	430	0.052632
443	437	0.052632
443	438	0.052632
443	440	0.052632
444	427	0.052632
444	429	0.052632
444	431	0.052632
444	440	0.052632
444	441	0.052632
444	442	0.052632
445	429	0.052632
445	431	0.052632
445	433	0.052632
445	438	0.052632
445	442	0.052632
445	443	0.052632
445	444	0.052632
450	25	1.0
451	364	1.0
453	61	1.0
457	455	0.33333
457	456	0.33333
458	65	0.33333
458	18	0.33333
459	7	0.5
459	8	0.5
460	96	0.2
462	37	0.2
463	96	0.2
463	462	0.2
464	325	0.25
465	464	0.25
465	325	0.25
466	5	0.25
466	465	0.25
471	470	0.5
477	15	0.5
478	477	0.5
478	15	0.5
481	480	0.5
484	176	0.5
487	486	1.0
488	486	0.25
492	38	1.0
493	14	1.0
495	494	0.25
495	28	0.25
496	495	0.25
496	28	0.25
497	494	0.25
497	495	0.25
497	496	0.25
498	113	0.5
500	498	0.2
501	498	0.2
501	500	0.2
502	498	0.2
507	113	0.5
509	155	0.33333
510	155	0.33333
511	29	0.25
511	104	0.25
515	514	1.0
522	70	0.2
522	69	0.2
524	71	0.2
524	522	0.2
524	69	0.2
529	488	0.25
530	488	0.25
536	535	0.33333
537	535	0.33333
537	536	0.33333
538	41	1.0
539	3	0.8333299999999999
540	3	0.33333
545	544	0.33333
545	81	0.33333
548	26	0.33333
550	549	0.14286
550	10	0.14286
551	549	0.14286
551	550	0.14286
552	551	0.14286
553	552	0.14286
553	10	0.14286
553	9	0.14286
554	550	0.14286
556	555	1.0
559	49	0.2
559	77	0.2
559	558	0.2
560	77	0.2
560	557	0.2
560	558	0.2
563	562	0.33333
564	562	0.33333
565	563	0.33333
565	564	0.33333
566	77	0.5
566	76	0.5
573	571	1.0
148	143	0.125
159	31	0.33333
164	91	0.33333
182	181	0.25
189	184	0.125
199	198	1.0
205	34	0.8333299999999999
207	75	0.25
211	209	0.5
214	94	0.2
218	217	0.33333
218	13	0.33333
230	100	0.14286
237	236	0.25
249	6	0.25
292	95	0.75
300	26	0.33333
330	68	1.0
353	352	0.5
353	54	0.5
360	87	0.33333
372	36	0.2
428	427	0.38597
428	78	0.052632
429	78	0.052632
440	78	0.052632
440	431	0.052632
442	438	0.052632
444	433	0.052632
445	432	0.052632
445	441	0.052632
446	427	0.33333
446	428	0.33333
463	461	0.2
466	464	0.25
473	24	0.5
491	490	1.0
513	512	0.25
520	519	1.0
540	539	0.33333
540	2	0.33333
570	569	1.0
