121	11	0.5
123	0	0.5
126	21	0.5
131	130	0.33333
133	131	0.33333
139	138	0.5
141	140	0.125
142	141	0.125
143	140	0.125
143	141	0.125
144	141	0.125
144	142	0.125
145	142	0.125
146	143	0.125
147	140	0.125
147	142	0.125
148	141	0.125
148	142	0.125
148	144	0.125
148	147	0.125
154	152	0.25
154	153	0.25
155	154	0.25
157	156	0.5
160	159	0.33333
162	161	1.0
169	109	0.58333
169	23	0.58333
171	109	0.25
172	23	0.33333
177	26	2.1429
177	82	0.14286
180	178	0.25
184	183	0.125
185	183	0.125
185	184	0.125
187	186	0.125
188	183	0.125
188	184	0.125
188	185	0.125
188	186	0.125
189	187	0.125
190	183	0.125
190	185	0.125
191	186	0.125
192	16	0.5
195	194	1.0
197	32	0.33333
201	13	1.0
203	202	0.5
203	106	0.5
206	73	0.25
206	74	0.25
208	39	1.0
210	209	0.5
213	2	0.2
214	6	0.2
214	3	0.2
216	215	1.0
219	217	0.33333
221	220	0.5
224	103	0.14286
225	103	0.14286
226	224	0.14286
227	103	0.14286
227	223	0.14286
228	101	0.14286
229	228	0.14286
230	228	0.14286
230	103	0.14286
234	233	0.33333
236	235	0.25
237	48	0.25
238	48	0.25
238	237	0.25
243	242	0.5
248	19	0.25
249	2	0.25
264	61	0.25
265	264	0.25
266	265	0.25
267	266	0.25
270	60	0.5
273	272	0.5
274	272	1.5
281	280	0.5
282	281	0.5
285	284	0.33333
290	108	0.5
294	95	0.25
295	293	0.25
296	85	0.2
297	86	0.33333
301	26	0.33333
304	303	0.25
310	2	0.25
312	311	1.0
314	313	0.5
316	115	0.2
316	114	0.2
318	316	0.2
319	318	0.2
319	114	0.2
323	322	0.25
325	324	0.25
326	325	0.25
332	331	0.5
339	338	0.5
347	205	0.33333
356	355	0.25
357	356	0.25
357	51	0.25
360	67	0.33333
361	360	1.0
362	142	0.33333
363	360	1.0
365	57	0.33333
370	369	0.25
375	374	1.0
382	381	0.5
382	309	0.5
383	12	0.5
385	384	0.5
385	23	0.5
391	389	0.5
391	390	0.5
393	392	0.14286
393	82	0.14286
394	392	0.14286
395	50	0.14286
395	394	0.14286
398	397	0.25
401	400	0.25
404	402	0.16667
404	56	0.16667
405	402	0.16667
405	45	0.16667
405	404	0.16667
406	403	0.16667
406	45	0.16667
406	404	0.16667
408	407	0.5
410	117	1.0
411	192	0.25
412	411	0.25
413	411	0.25
415	414	0.33333
420	418	0.33333
420	419	0.33333
421	418	0.33333
421	419	0.33333
422	1	0.5
429	428	0.38597
430	78	0.052632
430	429	0.052632
431	78	0.052632
433	427	0.052632
434	427	0.052632
434	430	0.052632
434	433	0.052632
435	429	0.052632
436	430	0.052632
436	432	0.052632
436	435	0.052632
437	427	0.052632
437	430	0.052632
437	431	0.052632
437	432	0.052632
437	435	0.052632
438	428	0.052632
438	436	0.052632
439	427	0.052632
439	78	0.052632
439	435	0.052632
440	433	0.052632
440	434	0.052632
440	436	0.052632
440	439	0.052632
441	429	0.052632
441	430	0.052632
441	431	0.052632
441	439	0.052632
441	440	0.052632
442	427	0.052632
442	428	0.052632
442	434	0.052632
442	440	0.052632
442	441	0.052632
443	78	0.052632
443	430	0.052632
443	437	0.052632
443	438	0.052632
444	429	0.052632
444	436	0.052632
444	440	0.052632
445	78	0.052632
445	428	0.052632
445	431	0.052632
445	434	0.052632
445	442	0.052632
448	447	1.0
452	83	1.0
453	61	1.0
456	455	0.33333
457	454	0.33333
457	455	0.33333
458	21	0.33333
459	7	0.5
460	96	0.2
461	460	0.2
461	37	0.2
462	96	0.2
463	96	0.2
463	37	0.2
464	5	0.25
465	5	0.25
465	325	0.25
466	5	0.25
466	325	0.25
466	465	0.25
472	471	0.5
474	473	0.5
477	15	0.5
485	484	0.5
488	486	0.25
489	488	1.0
493	14	1.0
496	28	0.25
497	494	0.25
498	113	0.5
500	498	0.2
501	499	0.2
502	499	0.2
502	500	0.2
507	113	0.5
513	511	0.25
515	514	1.0
522	71	0.2
522	69	0.2
523	71	0.2
524	523	0.2
524	70	0.2
525	95	1.0
528	526	0.5
530	529	0.25
530	488	0.25
530	486	0.25
531	530	0.25
531	486	0.25
533	532	1.0
537	534	0.33333
538	41	1.0
539	3	0.8333299999999999
542	541	0.33333
545	544	0.33333
546	81	0.33333
550	549	0.14286
550	9	0.14286
551	9	0.14286
552	549	0.14286
552	10	0.14286
553	551	0.14286
554	553	0.14286
554	10	0.14286
559	77	0.2
559	557	0.2
560	49	0.2
560	559	0.2
564	562	0.33333
565	563	0.33333
568	567	1.0
573	571	1.0
119	118	1.0
129	112	0.33333
132	130	0.33333
146	142	0.125
168	167	1.0
179	178	0.25
189	184	0.125
191	183	0.125
207	75	0.25
226	100	0.14286
249	248	0.25
292	95	0.75
296	37	0.7
299	297	0.33333
300	26	0.33333
309	308	0.5
324	323	0.25
353	54	0.5
408	62	0.5
415	116	0.33333
428	78	0.052632
432	431	0.052632
437	428	0.052632
440	78	0.052632
440	431	0.052632
444	433	0.052632
445	432	0.052632
446	427	0.33333
446	429	0.33333
463	461	0.2
497	28	0.25
503	499	0.2
507	498	0.5
535	534	0.33333
540	539	0.33333
540	2	0.33333
