120	34	2.0
122	121	0.5
122	11	0.5
123	0	0.5
128	58	0.33333
128	111	0.33333
129	59	0.8333299999999999
132	131	0.33333
133	132	0.33333
135	134	0.5
136	134	0.5
136	135	0.5
138	137	0.5
139	137	0.5
141	140	0.125
142	141	0.125
143	141	0.125
144	141	0.125
144	142	0.125
144	143	0.125
145	141	0.125
145	143	0.125
145	144	0.125
146	141	0.125
146	143	0.125
146	145	0.125
147	144	0.125
147	145	0.125
148	140	0.125
148	141	0.125
148	142	0.125
148	144	0.125
150	149	1.0
152	151	0.25
153	151	0.25
153	152	0.25
154	152	0.25
155	151	0.25
155	152	0.25
155	153	0.25
155	154	0.25
156	13	0.5
157	156	0.5
158	13	0.5
159	55	0.33333
160	159	0.33333
160	31	0.33333
163	110	1.0
164	80	0.33333
164	79	0.8333299999999999
164	3	0.5
169	109	0.58333
169	23	0.58333
170	109	0.25
170	23	0.25
171	169	0.25
171	170	0.25
171	109	0.25
171	23	0.25
172	169	0.33333
172	23	0.33333
172	109	0.33333
174	173	1.0
177	50	1.4762
180	179	0.25
181	178	0.25
182	178	0.25
184	183	0.125
185	184	0.125
186	183	0.125
186	184	0.125
186	185	0.125
187	183	0.125
187	184	0.125
187	185	0.125
188	183	0.125
188	184	0.125
188	187	0.125
189	183	0.125
189	185	0.125
189	187	0.125
189	188	0.125
190	185	0.125
190	186	0.125
190	188	0.125
190	189	0.125
191	185	0.125
191	186	0.125
191	187	0.125
191	188	0.125
191	189	0.125
192	16	0.5
192	22	1.25
193	16	0.5
193	192	0.5
195	194	1.0
196	32	0.33333
197	33	0.33333
197	32	0.33333
197	196	0.33333
201	13	1.0
203	106	0.5
205	20	0.8333299999999999
206	74	0.25
206	75	0.25
207	73	0.25
207	74	0.25
212	46	0.5
213	94	0.2
213	2	0.2
214	213	0.2
214	6	0.2
214	3	0.2
214	2	0.2
217	13	0.33333
219	218	0.33333
219	13	0.33333
221	220	0.5
223	100	0.78571
223	103	1.1191
223	113	0.14286
223	102	0.14286
224	103	0.14286
224	113	0.14286
225	100	0.14286
225	224	0.14286
225	113	0.14286
226	225	0.14286
227	224	0.14286
227	226	0.14286
227	113	0.14286
228	100	0.14286
228	223	0.14286
228	102	0.14286
229	100	0.14286
229	223	0.14286
229	101	0.14286
229	102	0.14286
230	228	0.14286
230	223	0.14286
230	102	0.14286
232	231	0.33333
233	231	0.33333
233	232	0.33333
234	231	0.33333
234	232	0.33333
234	233	0.33333
236	235	0.25
236	48	0.25
237	235	0.25
238	235	0.25
238	48	0.25
238	237	0.25
243	242	0.5
244	242	0.5
247	245	1.0
248	19	0.25
248	2	0.25
252	251	1.0
254	253	0.5
255	60	0.5
256	60	0.5
259	72	1.0
261	260	1.0
263	262	1.0
265	264	0.25
265	61	0.25
267	264	0.25
267	266	0.25
267	61	0.25
269	268	1.0
270	60	0.5
271	270	0.5
273	272	0.5
274	273	0.5
275	17	0.8333299999999999
276	223	0.33333
277	223	0.33333
277	103	0.33333
281	280	0.5
282	280	0.5
285	284	0.33333
287	285	0.33333
287	286	0.33333
289	43	0.5
289	44	0.5
290	108	0.5
291	290	0.5
291	108	0.5
293	292	0.75
293	95	0.75
294	292	0.25
294	293	0.25
295	292	0.25
295	293	0.25
296	85	0.2
296	84	0.2
296	36	0.2
297	86	0.33333
298	86	0.33333
299	298	0.33333
300	177	0.33333
301	300	0.33333
301	177	0.33333
304	302	0.25
304	303	0.25
305	302	0.25
305	303	0.25
306	302	0.25
309	307	0.5
310	52	0.25
310	2	0.25
310	54	0.25
312	311	1.0
313	115	0.5
314	115	0.5
314	313	0.5
315	115	1.0
316	115	0.2
316	114	0.2
317	115	0.2
317	316	0.2
318	317	0.2
318	114	0.2
319	317	0.2
319	114	0.2
323	322	0.25
325	322	0.25
326	323	0.25
326	324	0.25
327	99	1.0
329	328	1.0
332	331	0.5
333	331	0.5
337	336	1.0
340	339	0.5
342	341	0.33333
343	342	0.33333
344	342	0.33333
344	343	0.33333
345	98	1.0
347	34	0.33333
347	20	0.33333
349	348	0.5
350	245	1.0
351	83	1.0
352	54	0.5
355	354	0.25
355	51	0.25
356	354	0.25
356	355	0.25
356	51	0.25
357	355	0.25
360	84	0.33333
360	106	1.0
361	142	0.33333
362	360	1.0
362	361	2.3333
362	142	0.33333
363	360	1.0
365	4	1.3333
365	57	0.33333
366	4	0.33333
366	365	0.33333
369	302	0.25
370	368	0.25
371	368	0.25
371	369	0.25
371	370	0.25
371	302	0.25
372	107	0.2
372	37	0.2
372	106	0.2
373	107	0.2
373	372	0.2
375	374	1.0
377	376	1.0
380	378	0.5
382	381	0.5
382	309	0.5
383	66	0.5
383	12	0.5
385	384	0.5
385	23	0.5
388	47	1.5
388	72	0.5
390	389	0.5
391	389	0.5
392	177	0.14286
392	26	0.14286
392	50	0.14286
393	392	0.14286
393	177	0.14286
393	50	0.14286
394	392	0.14286
394	177	0.14286
394	393	0.14286
394	50	0.14286
395	392	0.14286
395	393	0.14286
395	50	0.14286
396	42	1.0
399	397	0.25
399	398	0.25
400	397	0.25
400	398	0.25
400	399	0.25
401	398	0.25
401	400	0.25
404	403	0.16667
404	56	0.16667
405	402	0.16667
405	45	0.16667
405	404	0.16667
405	56	0.16667
406	403	0.16667
409	361	0.33333
409	362	0.33333
410	117	1.0
411	192	0.25
412	22	0.25
412	192	0.25
413	411	0.25
413	412	0.25
414	40	0.33333
415	414	0.33333
421	420	0.33333
423	422	0.5
425	424	0.5
426	424	0.5
427	78	0.052632
429	428	0.38597
430	427	0.052632
430	428	0.052632
430	429	0.052632
431	427	0.052632
431	78	0.052632
431	428	0.052632
431	429	0.052632
432	427	0.052632
432	429	0.052632
433	78	0.052632
433	428	0.052632
433	430	0.052632
433	431	0.052632
434	78	0.052632
435	78	0.052632
435	428	0.052632
435	429	0.052632
435	430	0.052632
435	432	0.052632
435	433	0.052632
435	434	0.052632
436	428	0.052632
436	429	0.052632
436	430	0.052632
436	431	0.052632
436	432	0.052632
436	434	0.052632
436	435	0.052632
437	430	0.052632
437	431	0.052632
437	432	0.052632
437	434	0.052632
437	436	0.052632
438	78	0.052632
438	428	0.052632
438	430	0.052632
438	432	0.052632
438	433	0.052632
438	435	0.052632
438	436	0.052632
438	437	0.052632
439	78	0.052632
439	429	0.052632
439	431	0.052632
439	433	0.052632
439	435	0.052632
439	436	0.052632
439	438	0.052632
440	428	0.052632
440	429	0.052632
440	430	0.052632
440	433	0.052632
440	435	0.052632
440	436	0.052632
440	439	0.052632
441	428	0.052632
441	429	0.052632
441	430	0.052632
441	431	0.052632
441	433	0.052632
441	439	0.052632
442	430	0.052632
442	431	0.052632
442	432	0.052632
442	434	0.052632
442	436	0.052632
442	437	0.052632
442	439	0.052632
442	440	0.052632
443	429	0.052632
443	431	0.052632
443	432	0.052632
443	433	0.052632
443	436	0.052632
443	437	0.052632
443	438	0.052632
444	427	0.052632
444	78	0.052632
444	429	0.052632
444	431	0.052632
444	434	0.052632
444	435	0.052632
444	438	0.052632
444	440	0.052632
444	441	0.052632
445	78	0.052632
445	428	0.052632
445	429	0.052632
445	431	0.052632
445	433	0.052632
445	434	0.052632
445	436	0.052632
445	437	0.052632
445	442	0.052632
445	444	0.052632
448	447	1.0
449	34	0.5
453	61	1.0
455	454	0.33333
456	454	0.33333
456	455	0.33333
457	454	0.33333
457	456	0.33333
458	65	0.33333
458	18	0.33333
458	21	0.33333
459	8	0.5
460	96	0.2
460	37	0.2
461	460	0.2
461	96	0.2
462	460	0.2
463	96	0.2
463	462	0.2
464	5	0.25
465	5	0.25
465	325	0.25
466	5	0.25
466	325	0.25
472	471	0.5
477	15	0.5
481	479	0.5
483	482	1.0
484	176	0.5
485	484	0.5
485	176	0.5
488	486	0.25
489	488	1.0
495	494	0.25
496	494	0.25
496	495	0.25
497	494	0.25
497	495	0.25
497	496	0.25
498	113	0.5
500	498	0.2
500	499	0.2
501	498	0.2
501	499	0.2
502	498	0.2
502	501	0.2
505	504	0.5
506	504	0.5
506	505	0.5
508	155	0.33333
509	155	0.33333
510	155	0.33333
511	104	0.25
512	511	0.25
512	29	0.25
513	511	0.25
513	29	0.25
515	514	1.0
518	6	0.5
521	1	1.0
522	71	0.2
522	70	0.2
522	69	0.2
523	522	0.2
523	69	0.2
524	523	0.2
524	69	0.2
525	95	1.0
527	526	0.5
529	488	0.25
530	529	0.25
530	488	0.25
531	529	0.25
531	530	0.25
531	486	0.25
536	534	0.33333
537	534	0.33333
537	535	0.33333
539	3	0.8333299999999999
539	2	1.3333
539	6	0.5
540	3	0.33333
542	541	0.33333
543	37	0.33333
544	81	0.33333
545	81	0.33333
546	544	0.33333
546	545	0.33333
547	177	0.33333
548	177	0.33333
549	10	0.14286
550	10	0.14286
551	550	0.14286
551	10	0.14286
552	549	0.14286
552	551	0.14286
552	10	0.14286
552	9	0.14286
553	10	0.14286
554	550	0.14286
554	551	0.14286
554	10	0.14286
554	9	0.14286
556	555	1.0
557	77	0.2
558	49	0.2
558	77	0.2
559	49	0.2
559	77	0.2
559	557	0.2
559	558	0.2
560	77	0.2
560	557	0.2
560	558	0.2
561	77	0.5
561	92	0.5
564	562	0.33333
564	563	0.33333
565	562	0.33333
565	563	0.33333
565	564	0.33333
566	77	0.5
568	567	1.0
572	571	1.0
573	571	1.0
574	66	0.5
574	12	0.5
128	59	0.33333
132	130	0.33333
133	130	0.33333
148	145	0.125
159	31	0.33333
166	165	1.0
168	167	1.0
179	178	0.25
181	180	0.25
189	184	0.125
204	20	0.5
211	209	0.5
214	94	0.2
218	217	0.33333
226	100	0.14286
228	103	0.14286
237	236	0.25
249	248	0.25
249	6	0.25
271	60	0.5
283	52	0.33333
292	95	0.75
296	37	0.7
299	297	0.33333
309	308	0.5
324	323	0.25
330	68	1.0
353	54	0.5
360	87	0.33333
370	302	0.25
372	36	0.2
401	397	0.25
401	399	0.25
402	45	0.16667
403	56	0.16667
415	116	0.33333
428	427	0.38597
429	78	0.052632
432	431	0.052632
437	428	0.052632
437	429	0.052632
442	433	0.052632
442	438	0.052632
445	432	0.052632
445	441	0.052632
446	428	0.33333
449	35	0.5
463	461	0.2
466	464	0.25
469	468	0.5
473	24	0.5
474	24	0.5
491	490	1.0
497	28	0.25
507	498	0.5
513	104	0.25
517	516	1.0
520	519	1.0
529	486	0.25
540	539	0.33333
540	2	0.33333
553	550	0.14286
558	557	0.2
