120	34	2.0
121	11	0.5
122	121	0.5
122	11	0.5
125	124	0.5
126	64	1.0
126	125	0.5
127	125	0.5
128	58	0.33333
128	111	0.33333
129	59	0.8333299999999999
132	131	0.33333
133	132	0.33333
138	137	0.5
139	137	0.5
139	138	0.5
141	140	0.125
142	140	0.125
143	141	0.125
143	142	0.125
144	140	0.125
144	141	0.125
144	142	0.125
145	140	0.125
145	142	0.125
145	144	0.125
146	141	0.125
146	143	0.125
147	140	0.125
147	142	0.125
147	143	0.125
147	145	0.125
148	141	0.125
148	142	0.125
148	147	0.125
150	149	1.0
152	151	0.25
154	152	0.25
154	153	0.25
157	13	0.5
158	13	0.5
159	55	0.33333
160	159	0.33333
160	31	0.33333
160	55	0.33333
164	80	0.33333
164	79	0.8333299999999999
170	169	0.25
170	109	0.25
170	23	0.25
171	169	0.25
171	109	0.25
172	23	0.33333
172	109	0.33333
177	27	0.33333
177	50	1.4762
177	82	0.14286
180	178	0.25
180	179	0.25
181	178	0.25
181	179	0.25
182	179	0.25
182	180	0.25
185	183	0.125
185	184	0.125
186	184	0.125
187	183	0.125
187	184	0.125
187	185	0.125
188	183	0.125
188	185	0.125
189	187	0.125
189	188	0.125
190	183	0.125
190	184	0.125
190	186	0.125
190	187	0.125
190	189	0.125
191	184	0.125
191	185	0.125
191	186	0.125
191	187	0.125
191	189	0.125
191	190	0.125
192	22	1.25
193	192	0.5
197	32	0.33333
203	202	0.5
203	106	0.5
205	20	0.8333299999999999
206	74	0.25
206	75	0.25
207	206	0.25
207	73	0.25
207	74	0.25
208	39	1.0
210	209	0.5
211	210	0.5
212	45	0.5
212	46	0.5
213	6	0.2
213	3	0.2
213	94	0.2
214	6	0.2
214	2	0.2
216	215	1.0
219	217	0.33333
219	13	0.33333
222	220	0.5
223	100	0.78571
223	113	0.14286
223	101	0.14286
223	102	0.14286
224	100	0.14286
224	103	0.14286
225	223	0.14286
225	224	0.14286
225	113	0.14286
226	103	0.14286
226	223	0.14286
226	224	0.14286
227	103	0.14286
227	226	0.14286
227	113	0.14286
228	100	0.14286
228	223	0.14286
228	101	0.14286
228	102	0.14286
229	228	0.14286
229	103	0.14286
229	102	0.14286
230	228	0.14286
230	103	0.14286
230	223	0.14286
230	101	0.14286
230	229	0.14286
230	102	0.14286
232	231	0.33333
234	232	0.33333
234	233	0.33333
236	235	0.25
238	235	0.25
238	48	0.25
238	237	0.25
243	242	0.5
244	242	0.5
246	245	1.0
248	19	0.25
248	2	0.25
249	19	0.25
249	2	0.25
250	30	1.0
254	55	0.5
255	60	0.5
256	255	0.5
258	257	1.0
259	72	1.0
261	260	1.0
263	262	1.0
264	61	0.25
265	264	0.25
265	61	0.25
266	265	0.25
266	61	0.25
267	264	0.25
267	266	0.25
271	270	0.5
273	272	0.5
274	272	1.5
274	273	0.5
275	17	0.8333299999999999
276	223	0.33333
277	223	0.33333
277	103	0.33333
281	280	0.5
282	280	0.5
283	53	0.33333
283	54	0.33333
285	284	0.33333
287	285	0.33333
287	286	0.33333
288	97	1.0
289	44	0.5
291	290	0.5
291	108	0.5
293	292	0.75
293	95	0.75
294	292	0.25
294	95	0.25
295	292	0.25
295	293	0.25
295	95	0.25
295	294	0.25
296	85	0.2
296	84	0.2
296	36	0.2
299	298	0.33333
301	300	0.33333
301	177	0.33333
301	26	0.33333
304	303	0.25
305	303	0.25
306	303	0.25
306	304	0.25
306	305	0.25
309	307	0.5
310	52	0.25
310	53	0.25
310	2	0.25
312	311	1.0
314	115	0.5
314	313	0.5
316	114	0.2
317	115	0.2
317	316	0.2
317	114	0.2
318	316	0.2
318	317	0.2
318	114	0.2
319	316	0.2
321	320	1.0
324	322	0.25
325	322	0.25
325	323	0.25
325	324	0.25
325	5	0.25
326	322	0.25
326	323	0.25
326	324	0.25
327	99	1.0
329	328	1.0
335	334	1.0
339	338	0.5
340	338	0.5
340	339	0.5
342	341	0.33333
343	342	0.33333
344	341	0.33333
344	343	0.33333
345	98	1.0
346	65	1.0
347	34	0.33333
349	34	0.5
349	348	0.5
351	83	1.0
352	54	0.5
354	51	0.25
356	354	0.25
356	51	0.25
357	354	0.25
357	355	0.25
360	67	0.33333
361	360	1.0
362	361	2.3333
362	142	0.33333
363	360	1.0
365	4	1.3333
365	57	0.33333
366	4	0.33333
366	365	0.33333
368	302	0.25
369	302	0.25
370	368	0.25
370	369	0.25
371	369	0.25
371	302	0.25
372	107	0.2
372	37	0.2
373	36	0.2
377	376	1.0
379	378	0.5
380	378	0.5
380	379	0.5
381	309	0.5
382	381	0.5
382	309	0.5
383	66	0.5
383	12	0.5
385	384	0.5
385	23	0.5
391	389	0.5
392	177	0.14286
392	50	0.14286
393	392	0.14286
393	177	0.14286
393	82	0.14286
394	392	0.14286
394	177	0.14286
394	393	0.14286
394	26	0.14286
394	50	0.14286
394	82	0.14286
395	392	0.14286
395	177	0.14286
395	393	0.14286
395	50	0.14286
395	394	0.14286
398	397	0.25
399	398	0.25
400	399	0.25
401	400	0.25
403	45	0.16667
404	403	0.16667
405	402	0.16667
405	403	0.16667
405	56	0.16667
406	403	0.16667
406	45	0.16667
406	404	0.16667
406	56	0.16667
409	362	0.33333
410	117	1.0
411	22	0.25
412	411	0.25
413	22	0.25
413	192	0.25
413	412	0.25
414	40	0.33333
414	116	0.33333
416	105	1.0
420	418	0.33333
420	419	0.33333
423	422	0.5
423	1	1.5
425	424	0.5
426	424	0.5
429	427	0.38597
430	427	0.052632
430	429	0.052632
431	427	0.052632
431	78	0.052632
431	428	0.052632
431	429	0.052632
431	430	0.052632
432	78	0.052632
432	430	0.052632
433	78	0.052632
433	428	0.052632
433	429	0.052632
433	430	0.052632
433	431	0.052632
434	428	0.052632
434	429	0.052632
434	431	0.052632
435	427	0.052632
435	78	0.052632
435	429	0.052632
435	434	0.052632
436	427	0.052632
436	428	0.052632
436	430	0.052632
436	433	0.052632
436	434	0.052632
437	427	0.052632
437	78	0.052632
437	432	0.052632
437	433	0.052632
437	434	0.052632
437	436	0.052632
438	78	0.052632
438	428	0.052632
438	429	0.052632
438	430	0.052632
438	431	0.052632
438	434	0.052632
438	436	0.052632
438	437	0.052632
439	431	0.052632
439	432	0.052632
439	433	0.052632
439	434	0.052632
439	435	0.052632
439	438	0.052632
440	427	0.052632
440	428	0.052632
440	429	0.052632
440	430	0.052632
440	433	0.052632
440	434	0.052632
440	435	0.052632
440	436	0.052632
440	438	0.052632
441	427	0.052632
441	78	0.052632
441	428	0.052632
441	429	0.052632
441	430	0.052632
441	431	0.052632
441	432	0.052632
441	433	0.052632
441	434	0.052632
441	435	0.052632
441	436	0.052632
441	437	0.052632
441	438	0.052632
441	440	0.052632
442	427	0.052632
442	428	0.052632
442	431	0.052632
442	437	0.052632
442	440	0.052632
442	441	0.052632
443	427	0.052632
443	428	0.052632
443	429	0.052632
443	431	0.052632
443	433	0.052632
443	435	0.052632
443	436	0.052632
443	437	0.052632
443	438	0.052632
443	439	0.052632
443	440	0.052632
443	441	0.052632
443	442	0.052632
444	429	0.052632
444	430	0.052632
444	431	0.052632
444	434	0.052632
444	436	0.052632
444	437	0.052632
445	78	0.052632
445	428	0.052632
445	431	0.052632
445	435	0.052632
445	437	0.052632
445	438	0.052632
445	440	0.052632
445	442	0.052632
448	447	1.0
449	34	0.5
450	25	1.0
451	364	1.0
455	454	0.33333
456	454	0.33333
457	454	0.33333
458	65	0.33333
459	8	0.5
460	37	0.2
461	96	0.2
462	460	0.2
462	461	0.2
462	96	0.2
462	37	0.2
463	462	0.2
464	5	0.25
464	325	0.25
465	5	0.25
465	464	0.25
466	5	0.25
466	325	0.25
468	467	0.5
469	467	0.5
471	470	0.5
472	470	0.5
472	471	0.5
474	473	0.5
478	15	0.5
481	479	0.5
481	480	0.5
483	482	1.0
484	176	0.5
485	484	0.5
489	488	1.0
493	14	1.0
495	28	0.25
496	28	0.25
497	495	0.25
497	496	0.25
500	498	0.2
501	499	0.2
502	498	0.2
502	499	0.2
502	500	0.2
503	498	0.2
503	501	0.2
503	502	0.2
505	504	0.5
506	504	0.5
507	113	0.5
509	508	0.33333
510	155	0.33333
510	508	0.33333
510	509	0.33333
511	104	0.25
512	511	0.25
512	29	0.25
513	511	0.25
513	29	0.25
518	6	0.5
521	1	1.0
522	70	0.2
522	69	0.2
523	522	0.2
523	70	0.2
523	69	0.2
524	71	0.2
524	523	0.2
524	70	0.2
525	95	1.0
527	526	0.5
528	527	0.5
529	488	0.25
530	529	0.25
530	486	0.25
531	529	0.25
531	530	0.25
531	486	0.25
533	532	1.0
536	534	0.33333
537	534	0.33333
537	536	0.33333
538	41	1.0
539	3	0.8333299999999999
539	2	1.3333
540	3	0.33333
542	37	0.33333
543	37	0.33333
543	542	0.33333
544	81	0.33333
546	544	0.33333
546	81	0.33333
546	545	0.33333
547	26	0.33333
548	547	0.33333
548	26	0.33333
549	10	0.14286
549	9	0.14286
550	549	0.14286
550	10	0.14286
550	9	0.14286
551	549	0.14286
551	10	0.14286
552	549	0.14286
552	550	0.14286
552	551	0.14286
552	10	0.14286
552	9	0.14286
553	9	0.14286
554	549	0.14286
554	551	0.14286
554	553	0.14286
554	9	0.14286
556	555	1.0
557	49	0.2
557	77	0.2
558	49	0.2
558	77	0.2
559	49	0.2
559	77	0.2
560	77	0.2
560	558	0.2
560	559	0.2
561	92	0.5
564	563	0.33333
566	77	0.5
572	571	1.0
574	66	0.5
119	118	1.0
128	59	0.33333
129	112	0.33333
132	130	0.33333
159	31	0.33333
164	91	0.33333
168	167	1.0
189	184	0.125
211	209	0.5
214	94	0.2
218	13	0.33333
228	103	0.14286
248	6	0.25
249	248	0.25
271	60	0.5
283	52	0.33333
292	95	0.75
303	302	0.25
330	68	1.0
353	352	0.5
360	87	0.33333
370	302	0.25
372	36	0.2
401	397	0.25
402	45	0.16667
403	402	0.16667
403	56	0.16667
408	62	0.5
415	116	0.33333
428	427	0.38597
429	78	0.052632
432	431	0.052632
437	428	0.052632
440	78	0.052632
440	437	0.052632
442	438	0.052632
444	433	0.052632
445	432	0.052632
445	441	0.052632
446	427	0.33333
446	428	0.33333
446	429	0.33333
449	35	0.5
474	24	0.5
497	28	0.25
499	498	0.2
503	499	0.2
507	498	0.5
512	104	0.25
513	512	0.25
513	104	0.25
517	516	1.0
529	486	0.25
540	2	0.33333
543	541	0.33333
553	550	0.14286
554	552	0.14286
558	557	0.2
570	569	1.0
