120	34	2.0
125	64	2.5
126	64	1.0
126	125	0.5
126	21	0.5
127	64	0.5
131	130	0.33333
132	131	0.33333
133	131	0.33333
133	132	0.33333
135	134	0.5
142	140	0.125
143	141	0.125
143	142	0.125
144	140	0.125
145	141	0.125
145	142	0.125
147	140	0.125
147	142	0.125
147	143	0.125
147	145	0.125
147	146	0.125
148	140	0.125
148	144	0.125
148	146	0.125
150	149	1.0
154	151	0.25
154	152	0.25
160	55	0.33333
162	161	1.0
164	80	0.33333
164	79	0.8333299999999999
170	169	0.25
170	23	0.25
172	109	0.33333
176	175	1.0
177	50	1.4762
177	26	2.1429
180	178	0.25
180	179	0.25
182	178	0.25
185	183	0.125
185	184	0.125
186	183	0.125
186	185	0.125
187	185	0.125
187	186	0.125
188	184	0.125
188	185	0.125
190	185	0.125
190	186	0.125
191	184	0.125
191	186	0.125
191	188	0.125
193	16	0.5
195	194	1.0
196	33	0.33333
197	32	0.33333
201	13	1.0
202	106	0.5
203	106	0.5
205	20	0.8333299999999999
206	74	0.25
206	75	0.25
207	73	0.25
208	39	1.0
210	209	0.5
212	46	0.5
213	6	0.2
214	6	0.2
214	3	0.2
217	13	0.33333
219	217	0.33333
219	218	0.33333
219	13	0.33333
223	100	0.78571
223	103	1.1191
223	102	0.14286
224	103	0.14286
224	223	0.14286
225	223	0.14286
226	225	0.14286
227	103	0.14286
227	223	0.14286
227	224	0.14286
227	226	0.14286
228	100	0.14286
228	102	0.14286
229	100	0.14286
229	102	0.14286
230	102	0.14286
233	232	0.33333
234	233	0.33333
236	48	0.25
238	235	0.25
238	48	0.25
238	236	0.25
238	237	0.25
241	63	0.5
241	20	0.5
244	243	0.5
246	245	1.0
247	245	1.0
248	19	0.25
249	2	0.25
253	55	0.5
254	253	0.5
256	60	0.5
265	264	0.25
265	61	0.25
266	265	0.25
267	61	0.25
270	60	0.5
276	223	0.33333
277	223	0.33333
277	276	0.33333
279	278	1.0
283	53	0.33333
286	284	0.33333
286	285	0.33333
288	97	1.0
289	43	0.5
291	290	0.5
293	95	0.75
294	292	0.25
294	95	0.25
295	294	0.25
296	86	0.7
296	36	0.2
299	86	0.33333
299	298	0.33333
306	304	0.25
306	305	0.25
308	307	0.5
310	52	0.25
310	53	0.25
310	2	0.25
313	115	0.5
314	115	0.5
315	115	1.0
316	114	0.2
317	114	0.2
318	316	0.2
318	317	0.2
318	114	0.2
323	322	0.25
325	323	0.25
325	5	0.25
333	331	0.5
337	336	1.0
340	339	0.5
342	341	0.33333
344	341	0.33333
345	98	1.0
347	34	0.33333
348	34	0.5
349	34	0.5
349	348	0.5
352	54	0.5
354	51	0.25
356	354	0.25
356	355	0.25
356	51	0.25
357	354	0.25
357	355	0.25
357	356	0.25
357	51	0.25
359	358	1.0
360	67	0.33333
361	142	0.33333
362	361	2.3333
366	365	0.33333
369	368	0.25
370	369	0.25
371	368	0.25
371	302	0.25
372	37	0.2
373	107	0.2
373	372	0.2
375	374	1.0
382	381	0.5
383	12	0.5
384	23	0.5
385	23	0.5
391	389	0.5
391	390	0.5
392	177	0.14286
392	26	0.14286
393	392	0.14286
393	177	0.14286
393	50	0.14286
395	392	0.14286
395	177	0.14286
395	393	0.14286
395	26	0.14286
395	50	0.14286
399	398	0.25
400	398	0.25
400	399	0.25
401	398	0.25
401	400	0.25
403	45	0.16667
404	402	0.16667
404	56	0.16667
405	402	0.16667
405	403	0.16667
405	45	0.16667
405	404	0.16667
406	402	0.16667
406	404	0.16667
408	407	0.5
409	142	0.33333
409	362	0.33333
412	22	0.25
412	411	0.25
413	22	0.25
414	116	0.33333
415	414	0.33333
416	105	1.0
421	419	0.33333
421	420	0.33333
423	422	0.5
425	424	0.5
427	78	0.052632
429	428	0.38597
430	78	0.052632
431	78	0.052632
431	428	0.052632
432	78	0.052632
432	428	0.052632
433	431	0.052632
433	432	0.052632
434	78	0.052632
434	429	0.052632
434	430	0.052632
434	431	0.052632
435	427	0.052632
435	430	0.052632
435	432	0.052632
435	433	0.052632
435	434	0.052632
436	78	0.052632
436	430	0.052632
436	434	0.052632
437	427	0.052632
437	431	0.052632
437	434	0.052632
437	435	0.052632
438	78	0.052632
438	430	0.052632
438	432	0.052632
438	437	0.052632
439	435	0.052632
439	437	0.052632
439	438	0.052632
440	427	0.052632
440	429	0.052632
440	434	0.052632
440	436	0.052632
440	438	0.052632
441	427	0.052632
441	428	0.052632
441	430	0.052632
441	435	0.052632
441	436	0.052632
441	437	0.052632
441	439	0.052632
441	440	0.052632
442	427	0.052632
442	428	0.052632
442	435	0.052632
442	440	0.052632
443	427	0.052632
443	431	0.052632
443	432	0.052632
443	433	0.052632
443	434	0.052632
443	436	0.052632
443	437	0.052632
443	438	0.052632
443	439	0.052632
443	440	0.052632
443	442	0.052632
444	428	0.052632
444	429	0.052632
444	431	0.052632
444	432	0.052632
444	434	0.052632
444	435	0.052632
444	437	0.052632
444	442	0.052632
445	431	0.052632
445	433	0.052632
445	434	0.052632
445	435	0.052632
445	436	0.052632
445	439	0.052632
445	440	0.052632
445	442	0.052632
448	447	1.0
452	83	1.0
455	454	0.33333
457	454	0.33333
459	7	0.5
461	460	0.2
461	96	0.2
462	460	0.2
462	96	0.2
463	96	0.2
463	37	0.2
465	325	0.25
466	325	0.25
466	465	0.25
469	467	0.5
471	470	0.5
474	473	0.5
476	475	1.0
477	15	0.5
478	477	0.5
478	15	0.5
480	479	0.5
483	482	1.0
488	486	0.25
489	488	1.0
492	38	1.0
495	28	0.25
496	494	0.25
496	495	0.25
496	28	0.25
501	498	0.2
501	499	0.2
501	500	0.2
502	500	0.2
503	500	0.2
507	113	0.5
508	155	0.33333
509	155	0.33333
509	508	0.33333
510	155	0.33333
510	508	0.33333
511	29	0.25
512	511	0.25
515	514	1.0
518	6	0.5
521	1	1.0
522	70	0.2
523	522	0.2
524	71	0.2
524	523	0.2
528	527	0.5
529	488	0.25
530	529	0.25
530	488	0.25
531	486	0.25
536	534	0.33333
536	535	0.33333
537	534	0.33333
537	536	0.33333
540	3	0.33333
541	37	0.33333
542	541	0.33333
543	37	0.33333
543	542	0.33333
546	544	0.33333
547	177	0.33333
550	9	0.14286
551	549	0.14286
551	10	0.14286
552	10	0.14286
553	551	0.14286
553	552	0.14286
554	549	0.14286
554	10	0.14286
554	9	0.14286
556	555	1.0
557	77	0.2
558	49	0.2
558	77	0.2
559	557	0.2
560	557	0.2
560	558	0.2
560	559	0.2
561	92	0.5
563	562	0.33333
566	77	0.5
129	112	0.33333
132	130	0.33333
133	130	0.33333
164	91	0.33333
166	165	1.0
181	180	0.25
191	183	0.125
205	34	0.8333299999999999
207	75	0.25
218	13	0.33333
227	100	0.14286
237	236	0.25
249	6	0.25
296	37	0.7
353	54	0.5
360	87	0.33333
387	386	1.0
402	45	0.16667
403	402	0.16667
429	78	0.052632
442	78	0.052632
444	433	0.052632
445	432	0.052632
473	24	0.5
491	490	1.0
520	519	1.0
