121	11	0.5
122	121	0.5
122	11	0.5
124	64	0.5
125	64	2.5
125	124	0.5
126	64	1.0
126	21	0.5
127	64	0.5
128	111	0.33333
129	111	0.8333299999999999
131	130	0.33333
132	131	0.33333
133	131	0.33333
133	132	0.33333
135	134	0.5
136	134	0.5
136	135	0.5
139	137	0.5
141	140	0.125
142	140	0.125
143	140	0.125
143	141	0.125
144	140	0.125
144	143	0.125
145	140	0.125
145	141	0.125
145	142	0.125
145	143	0.125
145	144	0.125
146	141	0.125
146	144	0.125
146	145	0.125
147	140	0.125
147	142	0.125
147	143	0.125
147	145	0.125
147	146	0.125
148	140	0.125
148	141	0.125
148	144	0.125
148	146	0.125
148	147	0.125
150	149	1.0
153	151	0.25
153	152	0.25
154	151	0.25
154	153	0.25
155	151	0.25
155	152	0.25
155	153	0.25
155	154	0.25
157	13	0.5
158	13	0.5
158	88	0.5
160	159	0.33333
160	31	0.33333
162	161	1.0
163	110	1.0
164	80	0.33333
169	109	0.58333
169	23	0.58333
170	169	0.25
170	109	0.25
170	23	0.25
171	169	0.25
171	170	0.25
171	109	0.25
171	23	0.25
172	169	0.33333
172	23	0.33333
172	109	0.33333
176	175	1.0
177	27	0.33333
177	26	2.1429
180	178	0.25
180	179	0.25
181	178	0.25
181	179	0.25
182	178	0.25
182	180	0.25
184	183	0.125
185	183	0.125
186	183	0.125
186	184	0.125
186	185	0.125
187	183	0.125
187	184	0.125
188	184	0.125
188	185	0.125
189	183	0.125
189	186	0.125
189	187	0.125
189	188	0.125
190	183	0.125
190	185	0.125
190	186	0.125
190	187	0.125
190	188	0.125
190	189	0.125
191	184	0.125
191	186	0.125
191	187	0.125
191	188	0.125
191	190	0.125
192	22	1.25
193	16	0.5
193	192	0.5
195	194	1.0
196	33	0.33333
196	32	0.33333
197	33	0.33333
197	32	0.33333
197	196	0.33333
200	93	1.0
201	13	1.0
203	202	0.5
203	106	0.5
204	15	0.5
205	20	0.8333299999999999
206	74	0.25
207	73	0.25
207	74	0.25
208	39	1.0
211	210	0.5
213	3	0.2
213	94	0.2
213	2	0.2
214	213	0.2
214	6	0.2
214	3	0.2
216	215	1.0
217	13	0.33333
219	218	0.33333
222	220	0.5
222	221	0.5
223	100	0.78571
223	101	0.14286
224	103	0.14286
225	100	0.14286
225	224	0.14286
226	103	0.14286
226	223	0.14286
226	113	0.14286
227	103	0.14286
227	224	0.14286
227	225	0.14286
227	226	0.14286
227	113	0.14286
228	101	0.14286
228	102	0.14286
229	100	0.14286
229	228	0.14286
229	103	0.14286
229	223	0.14286
230	103	0.14286
230	101	0.14286
230	229	0.14286
233	231	0.33333
233	232	0.33333
234	231	0.33333
235	48	0.25
236	235	0.25
236	48	0.25
238	235	0.25
238	48	0.25
238	237	0.25
240	239	1.0
241	63	0.5
244	242	0.5
244	243	0.5
246	245	1.0
247	245	1.0
248	2	0.25
249	19	0.25
249	2	0.25
250	30	1.0
254	253	0.5
254	55	0.5
256	255	0.5
256	60	0.5
258	257	1.0
259	72	1.0
261	260	1.0
263	262	1.0
264	61	0.25
265	264	0.25
265	61	0.25
266	264	0.25
266	61	0.25
267	264	0.25
267	265	0.25
267	266	0.25
267	61	0.25
269	268	1.0
271	270	0.5
273	272	0.5
274	272	1.5
274	273	0.5
275	17	0.8333299999999999
276	103	0.33333
277	276	0.33333
277	103	0.33333
282	281	0.5
283	54	0.33333
285	284	0.33333
286	284	0.33333
286	285	0.33333
287	284	0.33333
287	286	0.33333
288	97	1.0
289	44	0.5
291	290	0.5
291	108	0.5
293	95	0.75
294	292	0.25
294	95	0.25
295	292	0.25
295	95	0.25
295	294	0.25
296	86	0.7
296	85	0.2
296	84	0.2
298	297	0.33333
299	86	0.33333
299	298	0.33333
300	177	0.33333
301	300	0.33333
304	302	0.25
304	303	0.25
305	302	0.25
306	303	0.25
306	304	0.25
306	305	0.25
309	307	0.5
310	53	0.25
310	2	0.25
310	54	0.25
312	311	1.0
313	115	0.5
314	115	0.5
315	115	1.0
316	115	0.2
316	114	0.2
317	115	0.2
317	316	0.2
317	114	0.2
318	115	0.2
318	114	0.2
319	115	0.2
319	316	0.2
319	317	0.2
319	318	0.2
321	320	1.0
324	322	0.25
325	322	0.25
325	324	0.25
326	322	0.25
326	323	0.25
326	324	0.25
326	325	0.25
332	331	0.5
333	331	0.5
333	332	0.5
337	336	1.0
339	338	0.5
340	338	0.5
340	339	0.5
342	341	0.33333
343	341	0.33333
344	341	0.33333
344	342	0.33333
344	343	0.33333
345	98	1.0
346	65	1.0
347	34	0.33333
347	20	0.33333
347	205	0.33333
348	34	0.5
349	34	0.5
349	348	0.5
355	354	0.25
355	51	0.25
356	354	0.25
356	355	0.25
356	51	0.25
357	354	0.25
357	355	0.25
357	356	0.25
357	51	0.25
360	67	0.33333
360	84	0.33333
360	106	1.0
361	142	0.33333
362	360	1.0
362	361	2.3333
362	142	0.33333
363	360	1.0
365	4	1.3333
365	57	0.33333
366	4	0.33333
367	4	1.0
369	368	0.25
369	302	0.25
370	368	0.25
370	369	0.25
371	368	0.25
371	370	0.25
371	302	0.25
372	107	0.2
372	37	0.2
373	107	0.2
373	372	0.2
373	36	0.2
373	37	0.2
375	374	1.0
377	376	1.0
379	378	0.5
381	309	0.5
383	12	0.5
384	23	0.5
385	23	0.5
388	47	1.5
388	72	0.5
390	389	0.5
391	390	0.5
392	50	0.14286
392	82	0.14286
393	392	0.14286
393	177	0.14286
394	392	0.14286
394	177	0.14286
394	393	0.14286
394	50	0.14286
395	392	0.14286
395	393	0.14286
395	50	0.14286
395	394	0.14286
395	82	0.14286
398	397	0.25
399	397	0.25
399	398	0.25
400	397	0.25
400	398	0.25
400	399	0.25
401	400	0.25
402	56	0.16667
403	45	0.16667
404	402	0.16667
404	56	0.16667
405	404	0.16667
405	56	0.16667
406	402	0.16667
406	403	0.16667
406	45	0.16667
406	56	0.16667
406	405	0.16667
407	62	0.5
408	407	0.5
409	142	0.33333
409	362	0.33333
410	117	1.0
411	22	0.25
411	192	0.25
412	22	0.25
412	411	0.25
412	192	0.25
413	22	0.25
413	412	0.25
414	40	0.33333
414	116	0.33333
415	40	0.33333
417	342	1.0
419	418	0.33333
421	418	0.33333
421	419	0.33333
421	420	0.33333
422	1	0.5
423	422	0.5
423	1	1.5
425	424	0.5
426	425	0.5
427	78	0.052632
429	428	0.38597
430	427	0.052632
430	78	0.052632
430	428	0.052632
430	429	0.052632
431	78	0.052632
431	428	0.052632
432	427	0.052632
432	78	0.052632
432	428	0.052632
432	429	0.052632
432	430	0.052632
433	427	0.052632
433	78	0.052632
433	429	0.052632
433	430	0.052632
433	431	0.052632
434	78	0.052632
434	428	0.052632
434	431	0.052632
434	433	0.052632
435	427	0.052632
435	78	0.052632
435	429	0.052632
435	430	0.052632
435	431	0.052632
435	432	0.052632
435	433	0.052632
436	429	0.052632
436	430	0.052632
436	432	0.052632
436	434	0.052632
436	435	0.052632
437	427	0.052632
437	78	0.052632
437	430	0.052632
437	431	0.052632
437	432	0.052632
437	433	0.052632
437	434	0.052632
437	435	0.052632
437	436	0.052632
438	427	0.052632
438	78	0.052632
438	428	0.052632
438	429	0.052632
438	431	0.052632
438	432	0.052632
438	435	0.052632
438	436	0.052632
439	78	0.052632
439	428	0.052632
439	429	0.052632
439	433	0.052632
439	435	0.052632
439	436	0.052632
439	437	0.052632
440	427	0.052632
440	428	0.052632
440	432	0.052632
440	433	0.052632
440	434	0.052632
440	435	0.052632
440	436	0.052632
440	438	0.052632
441	427	0.052632
441	429	0.052632
441	430	0.052632
441	431	0.052632
441	432	0.052632
441	433	0.052632
441	434	0.052632
441	436	0.052632
441	437	0.052632
441	438	0.052632
441	439	0.052632
441	440	0.052632
442	430	0.052632
442	431	0.052632
442	432	0.052632
442	434	0.052632
442	435	0.052632
442	436	0.052632
442	437	0.052632
442	439	0.052632
442	440	0.052632
442	441	0.052632
443	427	0.052632
443	78	0.052632
443	428	0.052632
443	429	0.052632
443	430	0.052632
443	431	0.052632
443	432	0.052632
443	433	0.052632
443	434	0.052632
443	437	0.052632
443	439	0.052632
443	440	0.052632
443	441	0.052632
443	442	0.052632
444	78	0.052632
444	429	0.052632
444	431	0.052632
444	432	0.052632
444	434	0.052632
444	435	0.052632
444	436	0.052632
444	437	0.052632
444	438	0.052632
444	440	0.052632
444	441	0.052632
444	442	0.052632
444	443	0.052632
445	427	0.052632
445	78	0.052632
445	429	0.052632
445	430	0.052632
445	433	0.052632
445	434	0.052632
445	435	0.052632
445	436	0.052632
445	437	0.052632
445	439	0.052632
445	440	0.052632
445	442	0.052632
445	443	0.052632
445	444	0.052632
449	34	0.5
450	25	1.0
451	364	1.0
452	83	1.0
453	61	1.0
455	454	0.33333
457	454	0.33333
457	455	0.33333
457	456	0.33333
458	65	0.33333
458	18	0.33333
458	21	0.33333
459	7	0.5
459	8	0.5
462	37	0.2
463	96	0.2
463	462	0.2
464	5	0.25
465	5	0.25
466	325	0.25
466	465	0.25
468	467	0.5
469	467	0.5
472	470	0.5
472	471	0.5
476	475	1.0
477	15	0.5
480	479	0.5
481	479	0.5
483	482	1.0
484	176	0.5
485	484	0.5
487	486	1.0
488	486	0.25
489	488	1.0
492	38	1.0
493	14	1.0
494	28	0.25
495	28	0.25
496	495	0.25
496	28	0.25
497	496	0.25
498	113	0.5
500	498	0.2
501	498	0.2
501	499	0.2
501	500	0.2
502	499	0.2
502	501	0.2
503	498	0.2
503	500	0.2
503	501	0.2
503	502	0.2
506	504	0.5
506	505	0.5
507	113	0.5
508	155	0.33333
509	155	0.33333
509	508	0.33333
510	155	0.33333
510	509	0.33333
511	29	0.25
512	29	0.25
513	511	0.25
513	29	0.25
518	6	0.5
522	71	0.2
523	522	0.2
524	71	0.2
524	522	0.2
524	523	0.2
524	70	0.2
524	69	0.2
527	526	0.5
528	527	0.5
530	529	0.25
530	488	0.25
530	486	0.25
531	529	0.25
531	530	0.25
531	488	0.25
533	532	1.0
536	534	0.33333
536	535	0.33333
537	534	0.33333
537	536	0.33333
539	2	1.3333
539	6	0.5
541	37	0.33333
542	541	0.33333
543	542	0.33333
545	544	0.33333
545	81	0.33333
546	544	0.33333
546	81	0.33333
546	545	0.33333
547	177	0.33333
547	26	0.33333
548	547	0.33333
548	177	0.33333
548	26	0.33333
549	9	0.14286
550	549	0.14286
550	9	0.14286
551	549	0.14286
551	550	0.14286
551	9	0.14286
552	550	0.14286
552	551	0.14286
552	10	0.14286
553	552	0.14286
553	10	0.14286
553	9	0.14286
554	549	0.14286
554	550	0.14286
554	553	0.14286
554	10	0.14286
554	9	0.14286
556	555	1.0
557	49	0.2
558	49	0.2
559	49	0.2
559	557	0.2
560	49	0.2
560	559	0.2
561	77	0.5
561	92	0.5
563	562	0.33333
564	562	0.33333
564	563	0.33333
565	562	0.33333
565	563	0.33333
566	76	0.5
568	567	1.0
572	571	1.0
574	66	0.5
574	12	0.5
128	59	0.33333
129	112	0.33333
132	130	0.33333
133	130	0.33333
148	143	0.125
164	91	0.33333
166	165	1.0
168	167	1.0
179	178	0.25
182	181	0.25
199	198	1.0
207	75	0.25
214	94	0.2
218	217	0.33333
218	13	0.33333
226	100	0.14286
227	100	0.14286
228	103	0.14286
230	100	0.14286
237	236	0.25
248	6	0.25
249	248	0.25
249	6	0.25
271	60	0.5
292	95	0.75
296	37	0.7
299	297	0.33333
300	26	0.33333
303	302	0.25
353	352	0.5
353	54	0.5
360	87	0.33333
370	302	0.25
372	36	0.2
387	386	1.0
393	26	0.14286
401	397	0.25
401	399	0.25
402	45	0.16667
403	56	0.16667
415	116	0.33333
428	427	0.38597
429	78	0.052632
432	431	0.052632
440	78	0.052632
440	431	0.052632
442	78	0.052632
442	433	0.052632
444	433	0.052632
445	432	0.052632
445	441	0.052632
446	427	0.33333
449	35	0.5
463	461	0.2
469	468	0.5
491	490	1.0
497	28	0.25
499	498	0.2
503	499	0.2
507	498	0.5
512	104	0.25
513	104	0.25
517	516	1.0
520	519	1.0
529	486	0.25
535	534	0.33333
540	539	0.33333
540	2	0.33333
543	541	0.33333
554	552	0.14286
558	557	0.2
570	569	1.0
