121	11	0.5
122	121	0.5
122	11	0.5
123	0	0.5
124	64	0.5
125	64	2.5
125	124	0.5
126	64	1.0
127	64	0.5
127	125	0.5
128	58	0.33333
133	131	0.33333
133	132	0.33333
135	134	0.5
136	135	0.5
139	138	0.5
141	140	0.125
142	140	0.125
142	141	0.125
143	140	0.125
143	141	0.125
143	142	0.125
144	140	0.125
144	141	0.125
145	140	0.125
145	141	0.125
145	144	0.125
146	141	0.125
146	143	0.125
146	144	0.125
147	140	0.125
147	142	0.125
147	143	0.125
147	145	0.125
148	140	0.125
148	142	0.125
148	144	0.125
148	147	0.125
150	149	1.0
152	151	0.25
153	151	0.25
153	152	0.25
154	151	0.25
154	152	0.25
154	153	0.25
155	151	0.25
155	154	0.25
157	156	0.5
159	55	0.33333
160	159	0.33333
160	31	0.33333
162	161	1.0
164	79	0.8333299999999999
164	3	0.5
169	109	0.58333
170	169	0.25
170	23	0.25
172	169	0.33333
172	23	0.33333
174	173	1.0
176	175	1.0
177	27	0.33333
177	50	1.4762
177	82	0.14286
180	178	0.25
180	179	0.25
181	178	0.25
181	179	0.25
182	179	0.25
184	183	0.125
185	183	0.125
186	183	0.125
187	183	0.125
187	184	0.125
187	185	0.125
188	183	0.125
188	184	0.125
188	185	0.125
188	186	0.125
189	185	0.125
189	188	0.125
190	183	0.125
190	185	0.125
190	187	0.125
190	188	0.125
191	184	0.125
191	185	0.125
191	188	0.125
191	189	0.125
191	190	0.125
192	16	0.5
193	16	0.5
193	192	0.5
195	194	1.0
196	33	0.33333
202	106	0.5
203	202	0.5
204	15	0.5
205	20	0.8333299999999999
206	73	0.25
207	206	0.25
207	73	0.25
210	209	0.5
211	210	0.5
212	45	0.5
213	6	0.2
213	94	0.2
213	2	0.2
214	213	0.2
214	6	0.2
214	3	0.2
214	2	0.2
219	218	0.33333
219	13	0.33333
222	220	0.5
222	221	0.5
223	100	0.78571
223	113	0.14286
223	102	0.14286
224	103	0.14286
224	223	0.14286
224	113	0.14286
225	103	0.14286
225	223	0.14286
225	224	0.14286
226	224	0.14286
226	225	0.14286
226	113	0.14286
227	223	0.14286
227	224	0.14286
227	225	0.14286
228	101	0.14286
229	100	0.14286
229	228	0.14286
229	102	0.14286
230	103	0.14286
230	223	0.14286
230	101	0.14286
230	102	0.14286
233	232	0.33333
234	231	0.33333
234	232	0.33333
236	48	0.25
237	235	0.25
237	48	0.25
238	236	0.25
240	239	1.0
241	20	0.5
243	242	0.5
244	242	0.5
246	245	1.0
247	245	1.0
249	2	0.25
250	30	1.0
252	251	1.0
254	55	0.5
255	60	0.5
256	255	0.5
256	60	0.5
258	257	1.0
259	72	1.0
261	260	1.0
263	262	1.0
264	61	0.25
265	264	0.25
265	61	0.25
266	264	0.25
266	61	0.25
267	265	0.25
267	61	0.25
269	268	1.0
271	270	0.5
274	272	1.5
274	273	0.5
275	89	0.8333299999999999
275	17	0.8333299999999999
277	223	0.33333
277	276	0.33333
277	103	0.33333
279	278	1.0
282	280	0.5
282	281	0.5
283	53	0.33333
285	284	0.33333
286	284	0.33333
286	285	0.33333
287	284	0.33333
287	286	0.33333
288	97	1.0
289	43	0.5
289	44	0.5
290	108	0.5
291	290	0.5
291	108	0.5
293	292	0.75
293	95	0.75
294	95	0.25
295	95	0.25
295	294	0.25
296	86	0.7
296	36	0.2
297	86	0.33333
300	177	0.33333
301	300	0.33333
301	177	0.33333
304	303	0.25
305	303	0.25
305	304	0.25
306	302	0.25
306	304	0.25
306	305	0.25
308	307	0.5
310	52	0.25
310	2	0.25
310	54	0.25
312	311	1.0
313	115	0.5
314	115	0.5
316	115	0.2
316	114	0.2
317	115	0.2
317	114	0.2
318	115	0.2
318	317	0.2
318	114	0.2
319	115	0.2
319	317	0.2
321	320	1.0
323	322	0.25
325	322	0.25
326	322	0.25
326	323	0.25
326	325	0.25
327	99	1.0
329	328	1.0
332	331	0.5
333	332	0.5
337	336	1.0
339	338	0.5
340	338	0.5
340	339	0.5
343	341	0.33333
343	342	0.33333
344	343	0.33333
347	20	0.33333
348	34	0.5
349	348	0.5
350	245	1.0
352	54	0.5
355	51	0.25
356	355	0.25
356	51	0.25
357	354	0.25
357	355	0.25
357	356	0.25
359	358	1.0
360	84	0.33333
360	106	1.0
361	360	1.0
362	360	1.0
363	360	1.0
365	4	1.3333
366	365	0.33333
367	4	1.0
370	369	0.25
371	368	0.25
371	369	0.25
371	370	0.25
371	302	0.25
372	106	0.2
373	107	0.2
373	372	0.2
379	378	0.5
380	378	0.5
381	309	0.5
382	381	0.5
382	309	0.5
385	384	0.5
388	72	0.5
390	389	0.5
391	389	0.5
391	390	0.5
393	392	0.14286
393	177	0.14286
393	50	0.14286
393	82	0.14286
394	393	0.14286
394	26	0.14286
394	82	0.14286
395	177	0.14286
395	393	0.14286
395	26	0.14286
395	50	0.14286
396	42	1.0
399	398	0.25
400	397	0.25
400	399	0.25
401	400	0.25
402	56	0.16667
403	45	0.16667
404	402	0.16667
404	45	0.16667
405	402	0.16667
405	403	0.16667
405	45	0.16667
405	56	0.16667
406	402	0.16667
406	45	0.16667
406	404	0.16667
406	56	0.16667
406	405	0.16667
410	117	1.0
411	192	0.25
412	22	0.25
413	411	0.25
413	192	0.25
414	116	0.33333
415	414	0.33333
415	40	0.33333
416	105	1.0
417	342	1.0
419	418	0.33333
420	418	0.33333
420	419	0.33333
421	419	0.33333
421	420	0.33333
422	1	0.5
423	1	1.5
425	424	0.5
427	78	0.052632
429	427	0.38597
429	428	0.38597
430	427	0.052632
430	428	0.052632
431	428	0.052632
431	429	0.052632
431	430	0.052632
432	430	0.052632
433	427	0.052632
433	78	0.052632
433	428	0.052632
433	431	0.052632
433	432	0.052632
434	427	0.052632
434	78	0.052632
434	428	0.052632
434	429	0.052632
434	430	0.052632
434	431	0.052632
434	432	0.052632
435	427	0.052632
435	431	0.052632
435	432	0.052632
436	427	0.052632
436	78	0.052632
436	428	0.052632
436	429	0.052632
436	430	0.052632
436	432	0.052632
436	434	0.052632
436	435	0.052632
437	431	0.052632
437	433	0.052632
437	435	0.052632
437	436	0.052632
438	427	0.052632
438	428	0.052632
438	429	0.052632
438	430	0.052632
438	431	0.052632
438	432	0.052632
438	435	0.052632
438	437	0.052632
439	78	0.052632
439	428	0.052632
439	429	0.052632
439	433	0.052632
439	434	0.052632
439	437	0.052632
439	438	0.052632
440	428	0.052632
440	429	0.052632
440	430	0.052632
440	432	0.052632
440	434	0.052632
440	435	0.052632
441	427	0.052632
441	430	0.052632
441	432	0.052632
441	433	0.052632
441	435	0.052632
441	436	0.052632
441	439	0.052632
441	440	0.052632
442	427	0.052632
442	428	0.052632
442	429	0.052632
442	434	0.052632
442	436	0.052632
442	437	0.052632
442	439	0.052632
443	427	0.052632
443	78	0.052632
443	429	0.052632
443	431	0.052632
443	432	0.052632
443	434	0.052632
443	435	0.052632
443	437	0.052632
443	442	0.052632
444	427	0.052632
444	78	0.052632
444	429	0.052632
444	431	0.052632
444	434	0.052632
444	435	0.052632
444	437	0.052632
444	439	0.052632
444	441	0.052632
444	442	0.052632
444	443	0.052632
445	427	0.052632
445	429	0.052632
445	431	0.052632
445	433	0.052632
445	434	0.052632
445	436	0.052632
445	437	0.052632
445	438	0.052632
445	439	0.052632
445	442	0.052632
445	444	0.052632
450	25	1.0
451	364	1.0
452	83	1.0
453	61	1.0
455	454	0.33333
456	454	0.33333
457	455	0.33333
458	65	0.33333
458	18	0.33333
458	21	0.33333
459	7	0.5
459	8	0.5
460	37	0.2
461	37	0.2
462	460	0.2
462	461	0.2
462	37	0.2
463	96	0.2
463	462	0.2
463	37	0.2
464	5	0.25
466	325	0.25
468	467	0.5
469	467	0.5
471	470	0.5
472	470	0.5
476	475	1.0
478	477	0.5
478	15	0.5
480	479	0.5
481	479	0.5
484	176	0.5
485	176	0.5
487	486	1.0
488	486	0.25
489	488	1.0
494	28	0.25
495	494	0.25
495	28	0.25
496	494	0.25
496	28	0.25
497	494	0.25
497	496	0.25
500	498	0.2
500	499	0.2
501	498	0.2
501	499	0.2
501	500	0.2
502	500	0.2
502	501	0.2
503	498	0.2
503	502	0.2
505	504	0.5
507	113	0.5
509	155	0.33333
509	508	0.33333
510	155	0.33333
510	508	0.33333
511	104	0.25
512	511	0.25
512	29	0.25
513	29	0.25
515	514	1.0
518	2	0.5
521	1	1.0
522	71	0.2
522	69	0.2
523	71	0.2
523	70	0.2
524	71	0.2
524	522	0.2
524	70	0.2
528	527	0.5
529	488	0.25
530	486	0.25
531	488	0.25
533	532	1.0
536	534	0.33333
536	535	0.33333
537	534	0.33333
537	535	0.33333
539	3	0.8333299999999999
539	6	0.5
541	37	0.33333
542	541	0.33333
545	544	0.33333
545	81	0.33333
546	544	0.33333
546	81	0.33333
546	545	0.33333
547	26	0.33333
548	547	0.33333
548	26	0.33333
550	10	0.14286
550	9	0.14286
551	550	0.14286
551	10	0.14286
551	9	0.14286
552	549	0.14286
552	550	0.14286
552	10	0.14286
552	9	0.14286
553	552	0.14286
553	10	0.14286
553	9	0.14286
554	549	0.14286
554	553	0.14286
554	9	0.14286
558	49	0.2
559	49	0.2
559	77	0.2
559	557	0.2
560	49	0.2
560	77	0.2
560	557	0.2
561	77	0.5
564	562	0.33333
565	562	0.33333
566	76	0.5
568	567	1.0
572	571	1.0
574	66	0.5
574	12	0.5
119	118	1.0
128	59	0.33333
129	112	0.33333
132	130	0.33333
133	130	0.33333
146	142	0.125
148	143	0.125
168	167	1.0
179	178	0.25
189	184	0.125
191	183	0.125
204	20	0.5
207	75	0.25
211	209	0.5
214	94	0.2
218	13	0.33333
226	100	0.14286
227	100	0.14286
228	103	0.14286
237	236	0.25
248	6	0.25
249	248	0.25
249	6	0.25
271	60	0.5
275	90	0.33333
283	52	0.33333
300	26	0.33333
303	302	0.25
353	54	0.5
360	87	0.33333
387	386	1.0
401	397	0.25
401	399	0.25
402	45	0.16667
403	402	0.16667
408	62	0.5
428	427	0.38597
432	431	0.052632
437	428	0.052632
440	431	0.052632
440	437	0.052632
442	78	0.052632
442	433	0.052632
445	432	0.052632
445	441	0.052632
446	427	0.33333
446	429	0.33333
449	35	0.5
463	461	0.2
466	464	0.25
474	24	0.5
491	490	1.0
507	498	0.5
512	104	0.25
513	512	0.25
517	516	1.0
520	519	1.0
540	539	0.33333
540	2	0.33333
543	541	0.33333
558	557	0.2
570	569	1.0
