124	64	0.5
126	125	0.5
127	125	0.5
129	111	0.8333299999999999
135	134	0.5
136	134	0.5
139	137	0.5
139	138	0.5
141	140	0.125
142	140	0.125
143	141	0.125
143	142	0.125
145	141	0.125
146	143	0.125
146	144	0.125
147	141	0.125
147	143	0.125
148	140	0.125
148	141	0.125
148	142	0.125
148	147	0.125
150	149	1.0
155	152	0.25
156	13	0.5
157	156	0.5
158	88	0.5
162	161	1.0
164	80	0.33333
170	109	0.25
171	169	0.25
172	109	0.33333
174	173	1.0
177	50	1.4762
181	179	0.25
185	184	0.125
186	185	0.125
187	183	0.125
187	186	0.125
188	183	0.125
188	184	0.125
189	187	0.125
190	187	0.125
190	188	0.125
191	185	0.125
191	187	0.125
191	188	0.125
191	190	0.125
197	32	0.33333
203	202	0.5
204	15	0.5
206	73	0.25
206	74	0.25
208	39	1.0
212	46	0.5
213	3	0.2
216	215	1.0
222	221	0.5
223	100	0.78571
226	103	0.14286
226	224	0.14286
226	113	0.14286
227	224	0.14286
227	226	0.14286
227	113	0.14286
228	223	0.14286
229	103	0.14286
233	231	0.33333
233	232	0.33333
234	232	0.33333
234	233	0.33333
238	48	0.25
244	243	0.5
248	2	0.25
252	251	1.0
259	72	1.0
264	61	0.25
265	61	0.25
266	265	0.25
273	272	0.5
275	89	0.8333299999999999
276	223	0.33333
276	103	0.33333
282	280	0.5
287	285	0.33333
289	43	0.5
293	292	0.75
294	292	0.25
295	292	0.25
295	95	0.25
296	84	0.2
296	36	0.2
298	297	0.33333
304	302	0.25
305	302	0.25
305	303	0.25
308	307	0.5
309	307	0.5
310	52	0.25
310	2	0.25
312	311	1.0
317	115	0.2
317	316	0.2
318	316	0.2
318	317	0.2
318	114	0.2
319	316	0.2
319	114	0.2
323	322	0.25
324	322	0.25
333	331	0.5
340	338	0.5
342	341	0.33333
344	343	0.33333
348	34	0.5
350	245	1.0
351	83	1.0
355	354	0.25
355	51	0.25
356	354	0.25
357	354	0.25
357	356	0.25
357	51	0.25
359	358	1.0
360	67	0.33333
360	84	0.33333
363	360	1.0
365	57	0.33333
366	4	0.33333
366	365	0.33333
366	57	0.33333
369	302	0.25
370	368	0.25
371	369	0.25
372	107	0.2
373	107	0.2
373	372	0.2
377	376	1.0
382	381	0.5
385	23	0.5
388	47	1.5
388	72	0.5
391	389	0.5
391	390	0.5
392	50	0.14286
392	82	0.14286
393	177	0.14286
393	50	0.14286
393	82	0.14286
394	393	0.14286
394	50	0.14286
395	392	0.14286
395	394	0.14286
396	42	1.0
400	399	0.25
401	400	0.25
403	45	0.16667
404	45	0.16667
405	404	0.16667
405	56	0.16667
406	56	0.16667
406	405	0.16667
411	22	0.25
412	411	0.25
413	22	0.25
413	411	0.25
413	192	0.25
413	412	0.25
416	105	1.0
423	422	0.5
429	427	0.38597
429	428	0.38597
430	78	0.052632
431	427	0.052632
432	428	0.052632
432	429	0.052632
433	428	0.052632
434	427	0.052632
434	432	0.052632
435	430	0.052632
436	433	0.052632
436	435	0.052632
437	431	0.052632
437	432	0.052632
438	435	0.052632
438	437	0.052632
439	78	0.052632
439	429	0.052632
439	430	0.052632
439	431	0.052632
439	434	0.052632
439	438	0.052632
440	428	0.052632
440	433	0.052632
440	434	0.052632
441	430	0.052632
441	435	0.052632
441	436	0.052632
441	438	0.052632
441	439	0.052632
442	427	0.052632
442	428	0.052632
442	430	0.052632
442	436	0.052632
442	441	0.052632
443	430	0.052632
443	431	0.052632
443	436	0.052632
443	438	0.052632
444	435	0.052632
444	440	0.052632
444	441	0.052632
444	442	0.052632
444	443	0.052632
445	427	0.052632
445	438	0.052632
445	439	0.052632
445	442	0.052632
448	447	1.0
451	364	1.0
456	454	0.33333
456	455	0.33333
457	454	0.33333
458	21	0.33333
463	96	0.2
465	5	0.25
471	470	0.5
474	473	0.5
476	475	1.0
480	479	0.5
481	480	0.5
485	176	0.5
487	486	1.0
493	14	1.0
494	28	0.25
495	28	0.25
496	28	0.25
497	496	0.25
501	498	0.2
501	499	0.2
501	500	0.2
502	498	0.2
503	498	0.2
503	502	0.2
510	155	0.33333
510	508	0.33333
511	104	0.25
515	514	1.0
523	71	0.2
523	522	0.2
523	70	0.2
524	71	0.2
524	523	0.2
528	526	0.5
530	529	0.25
533	532	1.0
538	41	1.0
539	2	1.3333
540	3	0.33333
541	37	0.33333
543	542	0.33333
544	81	0.33333
546	81	0.33333
548	177	0.33333
550	10	0.14286
551	550	0.14286
552	549	0.14286
552	550	0.14286
553	551	0.14286
553	9	0.14286
554	10	0.14286
556	555	1.0
557	49	0.2
558	77	0.2
559	49	0.2
559	77	0.2
560	49	0.2
560	77	0.2
560	559	0.2
572	571	1.0
573	571	1.0
574	12	0.5
132	130	0.33333
146	140	0.125
168	167	1.0
182	181	0.25
189	184	0.125
205	34	0.8333299999999999
211	209	0.5
226	100	0.14286
227	100	0.14286
230	100	0.14286
271	60	0.5
292	95	0.75
299	297	0.33333
324	323	0.25
360	87	0.33333
403	402	0.16667
403	56	0.16667
408	62	0.5
428	427	0.38597
428	78	0.052632
437	428	0.052632
442	78	0.052632
442	438	0.052632
445	441	0.052632
507	498	0.5
535	534	0.33333
540	2	0.33333
