122	11	0.5
124	64	0.5
125	64	2.5
125	124	0.5
126	64	1.0
131	130	0.33333
133	131	0.33333
133	132	0.33333
135	134	0.5
136	134	0.5
142	140	0.125
143	140	0.125
144	141	0.125
144	142	0.125
144	143	0.125
145	140	0.125
145	143	0.125
146	141	0.125
146	143	0.125
147	140	0.125
147	141	0.125
147	143	0.125
147	144	0.125
148	141	0.125
148	142	0.125
148	144	0.125
157	156	0.5
160	31	0.33333
160	55	0.33333
164	80	0.33333
164	79	0.8333299999999999
164	3	0.5
170	109	0.25
170	23	0.25
171	23	0.25
172	23	0.33333
172	109	0.33333
174	173	1.0
176	175	1.0
177	27	0.33333
177	50	1.4762
181	178	0.25
182	179	0.25
184	183	0.125
185	183	0.125
186	184	0.125
187	184	0.125
187	185	0.125
188	183	0.125
189	183	0.125
189	188	0.125
190	187	0.125
191	184	0.125
191	185	0.125
191	189	0.125
192	16	0.5
193	16	0.5
197	32	0.33333
197	196	0.33333
200	93	1.0
203	202	0.5
204	15	0.5
206	74	0.25
206	75	0.25
207	73	0.25
207	74	0.25
210	209	0.5
211	210	0.5
213	2	0.2
214	213	0.2
214	6	0.2
219	13	0.33333
221	220	0.5
223	100	0.78571
223	113	0.14286
224	103	0.14286
225	223	0.14286
225	113	0.14286
226	103	0.14286
226	223	0.14286
226	225	0.14286
227	226	0.14286
228	100	0.14286
228	223	0.14286
229	100	0.14286
229	101	0.14286
229	102	0.14286
230	228	0.14286
230	101	0.14286
230	229	0.14286
233	232	0.33333
234	231	0.33333
234	232	0.33333
234	233	0.33333
236	48	0.25
237	48	0.25
238	235	0.25
238	236	0.25
241	63	0.5
241	20	0.5
244	242	0.5
247	245	1.0
248	2	0.25
249	19	0.25
250	30	1.0
252	251	1.0
253	55	0.5
255	60	0.5
256	255	0.5
261	260	1.0
264	61	0.25
265	61	0.25
267	264	0.25
267	61	0.25
269	268	1.0
270	60	0.5
271	270	0.5
276	223	0.33333
279	278	1.0
282	281	0.5
285	284	0.33333
286	285	0.33333
289	43	0.5
289	44	0.5
291	108	0.5
293	292	0.75
293	95	0.75
294	95	0.25
295	293	0.25
295	294	0.25
296	86	0.7
297	86	0.33333
298	297	0.33333
299	298	0.33333
301	300	0.33333
301	177	0.33333
304	302	0.25
305	304	0.25
308	307	0.5
309	307	0.5
310	52	0.25
310	53	0.25
310	54	0.25
314	115	0.5
317	115	0.2
318	316	0.2
318	317	0.2
318	114	0.2
319	114	0.2
325	322	0.25
326	323	0.25
326	324	0.25
326	325	0.25
329	328	1.0
333	331	0.5
339	338	0.5
342	341	0.33333
344	342	0.33333
346	65	1.0
349	34	0.5
349	348	0.5
350	245	1.0
355	354	0.25
356	354	0.25
356	355	0.25
357	354	0.25
357	356	0.25
357	51	0.25
360	67	0.33333
360	106	1.0
361	360	1.0
361	142	0.33333
362	361	2.3333
363	360	1.0
365	4	1.3333
366	365	0.33333
367	4	1.0
370	368	0.25
371	370	0.25
371	302	0.25
372	107	0.2
372	37	0.2
373	107	0.2
373	372	0.2
373	36	0.2
373	37	0.2
381	309	0.5
382	309	0.5
392	26	0.14286
392	50	0.14286
393	82	0.14286
394	177	0.14286
394	393	0.14286
395	50	0.14286
396	42	1.0
399	397	0.25
399	398	0.25
400	397	0.25
400	398	0.25
404	403	0.16667
404	56	0.16667
405	402	0.16667
405	45	0.16667
405	56	0.16667
406	402	0.16667
406	403	0.16667
406	45	0.16667
406	56	0.16667
406	405	0.16667
407	62	0.5
409	361	0.33333
410	117	1.0
411	22	0.25
412	22	0.25
412	192	0.25
415	414	0.33333
416	105	1.0
419	418	0.33333
421	418	0.33333
421	419	0.33333
426	424	0.5
429	428	0.38597
430	78	0.052632
431	427	0.052632
431	428	0.052632
431	430	0.052632
432	428	0.052632
432	429	0.052632
433	427	0.052632
433	429	0.052632
433	432	0.052632
434	427	0.052632
434	428	0.052632
434	429	0.052632
434	431	0.052632
435	78	0.052632
435	428	0.052632
435	433	0.052632
436	78	0.052632
436	428	0.052632
436	429	0.052632
436	431	0.052632
436	432	0.052632
437	431	0.052632
437	435	0.052632
438	428	0.052632
438	429	0.052632
438	431	0.052632
438	432	0.052632
438	436	0.052632
438	437	0.052632
439	427	0.052632
439	78	0.052632
439	429	0.052632
439	431	0.052632
439	436	0.052632
439	437	0.052632
439	438	0.052632
440	429	0.052632
440	438	0.052632
441	427	0.052632
441	428	0.052632
441	430	0.052632
441	431	0.052632
441	433	0.052632
441	435	0.052632
441	436	0.052632
441	439	0.052632
442	429	0.052632
442	430	0.052632
442	435	0.052632
442	436	0.052632
442	440	0.052632
443	436	0.052632
443	437	0.052632
443	441	0.052632
443	442	0.052632
444	427	0.052632
444	78	0.052632
444	435	0.052632
444	436	0.052632
444	439	0.052632
444	442	0.052632
445	78	0.052632
445	429	0.052632
445	430	0.052632
445	431	0.052632
445	433	0.052632
445	434	0.052632
445	435	0.052632
445	436	0.052632
445	438	0.052632
445	440	0.052632
445	443	0.052632
449	34	0.5
451	364	1.0
452	83	1.0
456	455	0.33333
457	454	0.33333
457	455	0.33333
458	21	0.33333
459	7	0.5
460	96	0.2
460	37	0.2
461	96	0.2
461	37	0.2
462	96	0.2
463	96	0.2
464	5	0.25
465	325	0.25
466	325	0.25
472	471	0.5
478	477	0.5
483	482	1.0
485	484	0.5
488	486	0.25
493	14	1.0
496	28	0.25
497	495	0.25
497	496	0.25
500	498	0.2
501	499	0.2
501	500	0.2
502	498	0.2
502	500	0.2
503	501	0.2
503	502	0.2
507	113	0.5
508	155	0.33333
510	508	0.33333
512	511	0.25
512	29	0.25
513	29	0.25
515	514	1.0
518	6	0.5
521	1	1.0
522	71	0.2
522	69	0.2
523	69	0.2
528	527	0.5
530	529	0.25
530	488	0.25
531	529	0.25
531	488	0.25
533	532	1.0
537	536	0.33333
540	3	0.33333
541	37	0.33333
542	37	0.33333
543	37	0.33333
547	26	0.33333
548	177	0.33333
549	10	0.14286
549	9	0.14286
550	549	0.14286
550	10	0.14286
550	9	0.14286
551	10	0.14286
551	9	0.14286
552	550	0.14286
552	551	0.14286
553	551	0.14286
553	552	0.14286
553	10	0.14286
553	9	0.14286
554	549	0.14286
554	550	0.14286
554	551	0.14286
554	553	0.14286
554	9	0.14286
557	49	0.2
557	77	0.2
559	77	0.2
561	77	0.5
563	562	0.33333
566	77	0.5
568	567	1.0
119	118	1.0
129	112	0.33333
146	140	0.125
146	142	0.125
159	31	0.33333
168	167	1.0
205	34	0.8333299999999999
218	13	0.33333
226	100	0.14286
228	103	0.14286
230	100	0.14286
271	60	0.5
296	37	0.7
299	297	0.33333
303	302	0.25
330	68	1.0
353	54	0.5
360	87	0.33333
393	26	0.14286
402	45	0.16667
403	402	0.16667
408	62	0.5
428	78	0.052632
440	78	0.052632
442	78	0.052632
466	464	0.25
469	468	0.5
513	104	0.25
517	516	1.0
529	486	0.25
543	541	0.33333
554	552	0.14286
558	557	0.2
570	569	1.0
