121	11	0.5
122	121	0.5
123	0	0.5
125	64	2.5
125	124	0.5
126	125	0.5
127	64	0.5
127	125	0.5
128	58	0.33333
129	59	0.8333299999999999
129	111	0.8333299999999999
131	130	0.33333
135	134	0.5
136	134	0.5
138	137	0.5
139	137	0.5
139	138	0.5
143	141	0.125
143	142	0.125
144	142	0.125
145	140	0.125
145	141	0.125
145	142	0.125
146	141	0.125
146	143	0.125
146	144	0.125
146	145	0.125
147	140	0.125
147	145	0.125
147	146	0.125
148	140	0.125
148	141	0.125
148	142	0.125
148	144	0.125
148	147	0.125
152	151	0.25
154	151	0.25
154	153	0.25
155	151	0.25
155	152	0.25
155	154	0.25
157	13	0.5
158	13	0.5
158	88	0.5
159	55	0.33333
160	31	0.33333
163	110	1.0
164	80	0.33333
164	3	0.5
169	109	0.58333
169	23	0.58333
170	169	0.25
170	109	0.25
170	23	0.25
171	170	0.25
171	23	0.25
172	169	0.33333
172	23	0.33333
172	109	0.33333
174	173	1.0
177	50	1.4762
177	26	2.1429
180	178	0.25
180	179	0.25
181	178	0.25
181	179	0.25
182	178	0.25
182	179	0.25
185	183	0.125
185	184	0.125
186	183	0.125
186	184	0.125
186	185	0.125
188	184	0.125
188	185	0.125
188	187	0.125
189	185	0.125
189	186	0.125
189	188	0.125
190	184	0.125
190	187	0.125
190	188	0.125
191	184	0.125
191	187	0.125
191	188	0.125
191	189	0.125
191	190	0.125
192	16	0.5
193	16	0.5
193	192	0.5
196	33	0.33333
196	32	0.33333
197	33	0.33333
197	32	0.33333
197	196	0.33333
200	93	1.0
203	106	0.5
204	15	0.5
206	73	0.25
206	74	0.25
207	206	0.25
207	73	0.25
211	210	0.5
212	45	0.5
212	46	0.5
213	6	0.2
213	94	0.2
213	2	0.2
219	217	0.33333
221	220	0.5
222	220	0.5
222	221	0.5
223	100	0.78571
223	103	1.1191
223	113	0.14286
223	102	0.14286
224	100	0.14286
224	103	0.14286
224	223	0.14286
224	113	0.14286
225	100	0.14286
226	223	0.14286
227	225	0.14286
227	226	0.14286
227	113	0.14286
228	100	0.14286
228	223	0.14286
228	102	0.14286
229	100	0.14286
229	228	0.14286
229	223	0.14286
229	101	0.14286
229	102	0.14286
230	228	0.14286
230	103	0.14286
230	223	0.14286
230	101	0.14286
230	229	0.14286
232	231	0.33333
233	231	0.33333
233	232	0.33333
234	231	0.33333
234	232	0.33333
234	233	0.33333
236	235	0.25
236	48	0.25
237	235	0.25
238	235	0.25
238	48	0.25
238	236	0.25
240	239	1.0
244	242	0.5
244	243	0.5
246	245	1.0
248	19	0.25
250	30	1.0
252	251	1.0
253	55	0.5
254	55	0.5
256	60	0.5
258	257	1.0
263	262	1.0
264	61	0.25
265	264	0.25
265	61	0.25
266	264	0.25
266	61	0.25
267	264	0.25
267	265	0.25
269	268	1.0
270	60	0.5
271	270	0.5
274	273	0.5
275	17	0.8333299999999999
276	223	0.33333
276	103	0.33333
277	276	0.33333
277	103	0.33333
281	280	0.5
282	280	0.5
282	281	0.5
283	53	0.33333
287	285	0.33333
287	286	0.33333
288	97	1.0
289	44	0.5
290	108	0.5
291	290	0.5
291	108	0.5
293	292	0.75
293	95	0.75
294	292	0.25
294	293	0.25
294	95	0.25
296	86	0.7
298	86	0.33333
299	86	0.33333
299	298	0.33333
301	300	0.33333
301	177	0.33333
304	302	0.25
305	302	0.25
305	303	0.25
306	304	0.25
308	307	0.5
310	52	0.25
310	53	0.25
310	2	0.25
310	54	0.25
313	115	0.5
314	115	0.5
314	313	0.5
315	115	1.0
319	115	0.2
319	316	0.2
319	317	0.2
319	114	0.2
324	322	0.25
325	323	0.25
325	324	0.25
326	322	0.25
326	323	0.25
326	324	0.25
326	325	0.25
327	99	1.0
332	331	0.5
333	331	0.5
335	334	1.0
337	336	1.0
340	338	0.5
340	339	0.5
344	341	0.33333
344	343	0.33333
345	98	1.0
346	65	1.0
347	34	0.33333
347	20	0.33333
347	205	0.33333
348	34	0.5
349	348	0.5
351	83	1.0
352	54	0.5
354	51	0.25
355	354	0.25
355	51	0.25
356	51	0.25
357	355	0.25
357	356	0.25
357	51	0.25
359	358	1.0
360	84	0.33333
361	360	1.0
361	142	0.33333
365	4	1.3333
365	57	0.33333
366	4	0.33333
366	57	0.33333
367	4	1.0
369	368	0.25
370	368	0.25
371	369	0.25
371	370	0.25
371	302	0.25
372	107	0.2
372	37	0.2
373	107	0.2
373	372	0.2
373	37	0.2
373	106	0.2
379	378	0.5
380	378	0.5
380	379	0.5
383	66	0.5
383	12	0.5
384	23	0.5
385	384	0.5
391	389	0.5
393	392	0.14286
393	177	0.14286
393	50	0.14286
393	82	0.14286
394	177	0.14286
394	50	0.14286
395	392	0.14286
395	177	0.14286
395	393	0.14286
395	26	0.14286
395	50	0.14286
395	394	0.14286
396	42	1.0
398	397	0.25
399	397	0.25
399	398	0.25
400	398	0.25
401	400	0.25
403	45	0.16667
404	403	0.16667
404	45	0.16667
404	56	0.16667
405	403	0.16667
405	45	0.16667
405	404	0.16667
405	56	0.16667
406	403	0.16667
406	45	0.16667
406	404	0.16667
406	56	0.16667
406	405	0.16667
408	407	0.5
409	142	0.33333
409	362	0.33333
411	22	0.25
411	192	0.25
412	22	0.25
413	22	0.25
413	411	0.25
415	414	0.33333
416	105	1.0
419	418	0.33333
420	418	0.33333
420	419	0.33333
421	418	0.33333
421	419	0.33333
421	420	0.33333
423	422	0.5
425	424	0.5
426	424	0.5
427	78	0.052632
429	428	0.38597
430	428	0.052632
430	429	0.052632
431	428	0.052632
431	430	0.052632
432	427	0.052632
432	78	0.052632
432	428	0.052632
432	430	0.052632
433	427	0.052632
433	428	0.052632
433	429	0.052632
433	431	0.052632
434	427	0.052632
434	428	0.052632
434	429	0.052632
434	431	0.052632
435	78	0.052632
435	428	0.052632
435	432	0.052632
435	434	0.052632
436	428	0.052632
436	429	0.052632
436	432	0.052632
436	433	0.052632
436	434	0.052632
436	435	0.052632
437	427	0.052632
437	78	0.052632
437	432	0.052632
437	434	0.052632
437	436	0.052632
438	429	0.052632
438	430	0.052632
438	433	0.052632
438	434	0.052632
438	435	0.052632
438	436	0.052632
439	427	0.052632
439	429	0.052632
439	430	0.052632
439	431	0.052632
439	432	0.052632
439	433	0.052632
439	435	0.052632
439	437	0.052632
440	428	0.052632
440	429	0.052632
440	432	0.052632
440	434	0.052632
440	435	0.052632
440	436	0.052632
440	438	0.052632
440	439	0.052632
441	427	0.052632
441	428	0.052632
441	429	0.052632
441	431	0.052632
441	433	0.052632
441	435	0.052632
441	436	0.052632
441	437	0.052632
441	439	0.052632
441	440	0.052632
442	427	0.052632
442	428	0.052632
442	430	0.052632
442	432	0.052632
442	434	0.052632
442	437	0.052632
442	440	0.052632
442	441	0.052632
443	427	0.052632
443	431	0.052632
443	432	0.052632
443	433	0.052632
443	434	0.052632
443	436	0.052632
443	438	0.052632
443	439	0.052632
443	441	0.052632
444	427	0.052632
444	78	0.052632
444	428	0.052632
444	430	0.052632
444	434	0.052632
444	435	0.052632
444	436	0.052632
444	438	0.052632
444	440	0.052632
444	442	0.052632
445	78	0.052632
445	428	0.052632
445	429	0.052632
445	430	0.052632
445	433	0.052632
445	436	0.052632
445	437	0.052632
445	438	0.052632
445	439	0.052632
445	440	0.052632
445	442	0.052632
445	443	0.052632
450	25	1.0
451	364	1.0
452	83	1.0
453	61	1.0
456	454	0.33333
456	455	0.33333
457	454	0.33333
457	455	0.33333
457	456	0.33333
458	65	0.33333
458	18	0.33333
458	21	0.33333
459	7	0.5
459	8	0.5
460	96	0.2
460	37	0.2
461	96	0.2
461	37	0.2
462	96	0.2
463	96	0.2
465	464	0.25
465	325	0.25
466	5	0.25
466	325	0.25
466	465	0.25
468	467	0.5
469	467	0.5
472	470	0.5
478	477	0.5
478	15	0.5
481	479	0.5
481	480	0.5
483	482	1.0
484	176	0.5
485	176	0.5
487	486	1.0
489	488	1.0
493	14	1.0
495	494	0.25
495	28	0.25
496	495	0.25
496	28	0.25
497	496	0.25
498	113	0.5
500	499	0.2
501	498	0.2
501	500	0.2
502	498	0.2
503	498	0.2
503	500	0.2
503	502	0.2
506	504	0.5
507	113	0.5
509	508	0.33333
510	155	0.33333
511	104	0.25
512	511	0.25
518	6	0.5
522	70	0.2
523	71	0.2
523	522	0.2
523	70	0.2
523	69	0.2
524	522	0.2
524	523	0.2
528	526	0.5
528	527	0.5
529	488	0.25
531	529	0.25
531	530	0.25
531	488	0.25
531	486	0.25
536	534	0.33333
537	534	0.33333
537	536	0.33333
538	41	1.0
539	3	0.8333299999999999
539	6	0.5
540	3	0.33333
545	544	0.33333
545	81	0.33333
546	544	0.33333
546	81	0.33333
547	26	0.33333
548	547	0.33333
548	177	0.33333
549	10	0.14286
550	549	0.14286
550	10	0.14286
550	9	0.14286
551	549	0.14286
551	10	0.14286
552	550	0.14286
552	551	0.14286
552	10	0.14286
552	9	0.14286
553	549	0.14286
553	551	0.14286
553	552	0.14286
553	10	0.14286
553	9	0.14286
554	549	0.14286
554	550	0.14286
554	553	0.14286
554	9	0.14286
558	77	0.2
559	77	0.2
559	557	0.2
560	49	0.2
560	77	0.2
560	558	0.2
561	92	0.5
563	562	0.33333
564	562	0.33333
564	563	0.33333
565	563	0.33333
566	77	0.5
568	567	1.0
572	571	1.0
574	66	0.5
119	118	1.0
132	130	0.33333
146	140	0.125
146	142	0.125
148	143	0.125
164	91	0.33333
166	165	1.0
168	167	1.0
179	178	0.25
181	180	0.25
182	181	0.25
204	20	0.5
205	34	0.8333299999999999
207	75	0.25
211	209	0.5
214	94	0.2
218	217	0.33333
226	100	0.14286
227	100	0.14286
228	103	0.14286
230	100	0.14286
237	236	0.25
248	6	0.25
249	248	0.25
249	6	0.25
275	90	0.33333
283	52	0.33333
292	95	0.75
296	37	0.7
299	297	0.33333
324	323	0.25
360	87	0.33333
370	302	0.25
387	386	1.0
393	26	0.14286
402	45	0.16667
403	402	0.16667
403	56	0.16667
415	116	0.33333
428	427	0.38597
428	78	0.052632
429	78	0.052632
432	431	0.052632
437	428	0.052632
440	78	0.052632
440	431	0.052632
440	437	0.052632
442	78	0.052632
444	433	0.052632
445	432	0.052632
445	441	0.052632
446	427	0.33333
449	35	0.5
463	460	0.2
466	464	0.25
474	24	0.5
491	490	1.0
497	28	0.25
499	498	0.2
503	499	0.2
529	486	0.25
535	534	0.33333
540	539	0.33333
540	2	0.33333
543	541	0.33333
558	557	0.2
