122	11	0.5
123	0	0.5
125	64	2.5
126	64	1.0
126	21	0.5
128	58	0.33333
136	135	0.5
142	141	0.125
143	141	0.125
144	143	0.125
145	140	0.125
146	141	0.125
146	144	0.125
147	140	0.125
148	141	0.125
148	147	0.125
152	151	0.25
155	152	0.25
156	13	0.5
157	13	0.5
157	156	0.5
158	13	0.5
159	55	0.33333
160	31	0.33333
170	109	0.25
171	109	0.25
171	23	0.25
180	178	0.25
184	183	0.125
185	183	0.125
186	183	0.125
187	184	0.125
187	185	0.125
189	185	0.125
189	187	0.125
190	186	0.125
190	188	0.125
191	185	0.125
192	16	0.5
195	194	1.0
196	33	0.33333
197	32	0.33333
202	106	0.5
203	106	0.5
206	74	0.25
207	206	0.25
207	73	0.25
211	210	0.5
212	45	0.5
212	46	0.5
213	6	0.2
214	6	0.2
217	13	0.33333
221	220	0.5
224	100	0.14286
225	100	0.14286
225	103	0.14286
226	223	0.14286
226	224	0.14286
228	101	0.14286
229	100	0.14286
229	102	0.14286
230	228	0.14286
230	229	0.14286
233	231	0.33333
234	233	0.33333
238	235	0.25
241	20	0.5
248	19	0.25
249	2	0.25
250	30	1.0
254	253	0.5
255	60	0.5
256	255	0.5
261	260	1.0
265	61	0.25
266	265	0.25
267	265	0.25
270	60	0.5
274	272	1.5
274	273	0.5
276	223	0.33333
276	103	0.33333
277	103	0.33333
279	278	1.0
282	280	0.5
286	284	0.33333
286	285	0.33333
287	285	0.33333
287	286	0.33333
288	97	1.0
290	108	0.5
293	292	0.75
295	294	0.25
297	86	0.33333
301	177	0.33333
304	302	0.25
305	302	0.25
305	303	0.25
309	307	0.5
310	53	0.25
310	2	0.25
314	115	0.5
316	114	0.2
317	316	0.2
318	115	0.2
319	115	0.2
319	317	0.2
319	318	0.2
321	320	1.0
323	322	0.25
324	322	0.25
325	323	0.25
326	322	0.25
326	324	0.25
326	325	0.25
332	331	0.5
333	331	0.5
333	332	0.5
340	338	0.5
342	341	0.33333
347	34	0.33333
347	205	0.33333
349	34	0.5
349	348	0.5
352	54	0.5
355	354	0.25
356	355	0.25
357	355	0.25
360	106	1.0
362	361	2.3333
363	360	1.0
369	368	0.25
371	302	0.25
372	37	0.2
373	106	0.2
382	309	0.5
383	66	0.5
388	47	1.5
391	389	0.5
392	177	0.14286
393	177	0.14286
394	50	0.14286
394	82	0.14286
395	82	0.14286
396	42	1.0
398	397	0.25
400	399	0.25
403	45	0.16667
404	402	0.16667
405	402	0.16667
405	403	0.16667
407	62	0.5
411	192	0.25
412	22	0.25
413	411	0.25
413	412	0.25
414	40	0.33333
416	105	1.0
421	420	0.33333
422	1	0.5
423	422	0.5
425	424	0.5
430	427	0.052632
430	78	0.052632
431	427	0.052632
432	427	0.052632
433	427	0.052632
433	428	0.052632
433	431	0.052632
434	427	0.052632
434	429	0.052632
434	430	0.052632
434	433	0.052632
435	427	0.052632
436	430	0.052632
436	432	0.052632
436	434	0.052632
436	435	0.052632
437	427	0.052632
437	430	0.052632
438	430	0.052632
439	427	0.052632
439	78	0.052632
439	431	0.052632
439	433	0.052632
439	435	0.052632
439	437	0.052632
440	427	0.052632
440	430	0.052632
440	434	0.052632
441	427	0.052632
441	428	0.052632
441	429	0.052632
441	430	0.052632
441	431	0.052632
441	434	0.052632
441	439	0.052632
442	431	0.052632
442	434	0.052632
442	437	0.052632
442	439	0.052632
442	440	0.052632
443	430	0.052632
443	433	0.052632
443	435	0.052632
444	434	0.052632
444	440	0.052632
445	427	0.052632
445	428	0.052632
445	430	0.052632
445	436	0.052632
445	439	0.052632
445	440	0.052632
451	364	1.0
452	83	1.0
455	454	0.33333
458	65	0.33333
460	37	0.2
462	96	0.2
463	462	0.2
464	5	0.25
464	325	0.25
466	5	0.25
472	470	0.5
476	475	1.0
477	15	0.5
481	479	0.5
483	482	1.0
484	176	0.5
492	38	1.0
495	28	0.25
496	494	0.25
501	498	0.2
502	498	0.2
502	500	0.2
502	501	0.2
503	498	0.2
506	504	0.5
506	505	0.5
507	113	0.5
510	508	0.33333
518	6	0.5
521	1	1.0
522	69	0.2
524	71	0.2
524	523	0.2
524	70	0.2
528	527	0.5
530	529	0.25
531	488	0.25
533	532	1.0
537	535	0.33333
539	2	1.3333
542	541	0.33333
543	542	0.33333
547	177	0.33333
547	26	0.33333
548	26	0.33333
550	549	0.14286
550	10	0.14286
550	9	0.14286
551	550	0.14286
552	10	0.14286
553	551	0.14286
554	549	0.14286
554	10	0.14286
554	9	0.14286
557	49	0.2
560	77	0.2
565	564	0.33333
129	112	0.33333
146	142	0.125
164	91	0.33333
166	165	1.0
179	178	0.25
189	184	0.125
207	75	0.25
214	94	0.2
226	100	0.14286
227	100	0.14286
228	103	0.14286
249	248	0.25
249	6	0.25
292	95	0.75
300	26	0.33333
324	323	0.25
330	68	1.0
353	352	0.5
370	302	0.25
372	36	0.2
393	26	0.14286
403	56	0.16667
408	62	0.5
437	428	0.052632
437	429	0.052632
445	432	0.052632
446	427	0.33333
449	35	0.5
463	461	0.2
497	28	0.25
507	498	0.5
517	516	1.0
529	486	0.25
543	541	0.33333
553	550	0.14286
554	552	0.14286
558	557	0.2
