122	121	0.5
128	58	0.33333
133	132	0.33333
142	140	0.125
144	141	0.125
144	142	0.125
145	140	0.125
145	141	0.125
146	144	0.125
147	143	0.125
147	146	0.125
148	141	0.125
148	147	0.125
153	152	0.25
154	152	0.25
155	151	0.25
155	153	0.25
155	154	0.25
156	13	0.5
158	13	0.5
158	88	0.5
162	161	1.0
164	3	0.5
169	23	0.58333
170	169	0.25
170	23	0.25
171	169	0.25
171	109	0.25
177	82	0.14286
182	179	0.25
185	183	0.125
186	184	0.125
187	183	0.125
187	185	0.125
189	185	0.125
190	184	0.125
190	186	0.125
190	189	0.125
193	192	0.5
206	73	0.25
210	209	0.5
213	6	0.2
213	3	0.2
213	2	0.2
214	6	0.2
219	218	0.33333
222	220	0.5
223	100	0.78571
223	103	1.1191
223	102	0.14286
224	223	0.14286
224	113	0.14286
225	100	0.14286
225	223	0.14286
225	113	0.14286
226	103	0.14286
226	223	0.14286
226	113	0.14286
227	223	0.14286
227	224	0.14286
227	226	0.14286
227	113	0.14286
228	100	0.14286
229	228	0.14286
229	103	0.14286
229	102	0.14286
230	103	0.14286
230	223	0.14286
233	232	0.33333
234	231	0.33333
234	232	0.33333
234	233	0.33333
235	48	0.25
236	48	0.25
237	48	0.25
238	48	0.25
238	236	0.25
240	239	1.0
243	242	0.5
244	243	0.5
248	2	0.25
250	30	1.0
254	253	0.5
254	55	0.5
258	257	1.0
264	61	0.25
266	264	0.25
267	265	0.25
276	103	0.33333
277	223	0.33333
277	276	0.33333
277	103	0.33333
281	280	0.5
283	53	0.33333
287	285	0.33333
289	44	0.5
293	95	0.75
294	95	0.25
295	293	0.25
295	294	0.25
297	86	0.33333
298	297	0.33333
299	86	0.33333
301	177	0.33333
305	302	0.25
305	303	0.25
306	304	0.25
308	307	0.5
310	52	0.25
310	54	0.25
312	311	1.0
314	313	0.5
317	316	0.2
318	316	0.2
318	317	0.2
319	115	0.2
319	114	0.2
324	322	0.25
325	5	0.25
326	325	0.25
329	328	1.0
347	34	0.33333
355	51	0.25
356	355	0.25
356	51	0.25
357	355	0.25
357	356	0.25
359	358	1.0
360	67	0.33333
361	360	1.0
362	360	1.0
362	361	2.3333
365	57	0.33333
366	365	0.33333
372	107	0.2
372	106	0.2
379	378	0.5
381	309	0.5
393	177	0.14286
394	50	0.14286
394	82	0.14286
395	26	0.14286
395	50	0.14286
400	397	0.25
403	45	0.16667
404	45	0.16667
404	56	0.16667
406	403	0.16667
406	405	0.16667
407	62	0.5
409	362	0.33333
411	192	0.25
412	22	0.25
413	411	0.25
414	116	0.33333
420	418	0.33333
420	419	0.33333
422	1	0.5
423	1	1.5
427	78	0.052632
430	78	0.052632
432	78	0.052632
433	427	0.052632
433	428	0.052632
433	429	0.052632
433	430	0.052632
433	432	0.052632
434	78	0.052632
434	428	0.052632
434	432	0.052632
435	427	0.052632
435	429	0.052632
435	431	0.052632
436	428	0.052632
436	431	0.052632
437	430	0.052632
437	434	0.052632
438	78	0.052632
438	432	0.052632
438	433	0.052632
438	434	0.052632
438	435	0.052632
439	438	0.052632
440	430	0.052632
440	433	0.052632
440	434	0.052632
440	439	0.052632
441	427	0.052632
441	428	0.052632
441	429	0.052632
441	433	0.052632
441	437	0.052632
442	429	0.052632
442	436	0.052632
442	440	0.052632
443	429	0.052632
443	434	0.052632
443	439	0.052632
443	442	0.052632
444	427	0.052632
444	78	0.052632
444	430	0.052632
444	435	0.052632
444	442	0.052632
445	429	0.052632
445	431	0.052632
445	434	0.052632
445	438	0.052632
452	83	1.0
453	61	1.0
455	454	0.33333
456	454	0.33333
460	37	0.2
461	96	0.2
464	5	0.25
465	325	0.25
466	5	0.25
472	470	0.5
478	15	0.5
480	479	0.5
481	479	0.5
483	482	1.0
488	486	0.25
489	488	1.0
495	28	0.25
496	495	0.25
496	28	0.25
497	494	0.25
497	496	0.25
501	500	0.2
502	499	0.2
503	498	0.2
506	504	0.5
506	505	0.5
507	113	0.5
509	508	0.33333
510	509	0.33333
511	104	0.25
512	511	0.25
513	29	0.25
522	70	0.2
522	69	0.2
524	69	0.2
530	529	0.25
530	486	0.25
531	529	0.25
531	530	0.25
531	488	0.25
537	536	0.33333
539	3	0.8333299999999999
539	6	0.5
541	37	0.33333
542	37	0.33333
543	542	0.33333
545	544	0.33333
546	544	0.33333
546	545	0.33333
547	177	0.33333
548	177	0.33333
548	26	0.33333
550	10	0.14286
551	549	0.14286
552	549	0.14286
554	550	0.14286
554	9	0.14286
557	77	0.2
560	77	0.2
560	558	0.2
565	562	0.33333
566	76	0.5
568	567	1.0
572	571	1.0
574	12	0.5
119	118	1.0
132	130	0.33333
146	140	0.125
164	91	0.33333
168	167	1.0
182	181	0.25
199	198	1.0
211	209	0.5
228	103	0.14286
275	90	0.33333
283	52	0.33333
303	302	0.25
353	352	0.5
353	54	0.5
372	36	0.2
393	26	0.14286
403	402	0.16667
403	56	0.16667
408	62	0.5
429	78	0.052632
437	428	0.052632
437	429	0.052632
440	431	0.052632
442	438	0.052632
444	433	0.052632
446	427	0.33333
446	428	0.33333
446	429	0.33333
449	35	0.5
469	468	0.5
491	490	1.0
497	28	0.25
513	104	0.25
535	534	0.33333
553	550	0.14286
