121	11	0.5
122	11	0.5
123	0	0.5
124	64	0.5
126	21	0.5
127	64	0.5
131	130	0.33333
138	137	0.5
139	137	0.5
143	142	0.125
145	140	0.125
145	141	0.125
145	144	0.125
146	141	0.125
147	145	0.125
147	146	0.125
148	146	0.125
152	151	0.25
154	152	0.25
155	152	0.25
157	156	0.5
159	55	0.33333
160	159	0.33333
162	161	1.0
164	79	0.8333299999999999
169	109	0.58333
170	169	0.25
170	109	0.25
170	23	0.25
171	109	0.25
171	23	0.25
172	23	0.33333
172	109	0.33333
174	173	1.0
176	175	1.0
177	27	0.33333
177	26	2.1429
180	178	0.25
180	179	0.25
181	178	0.25
181	179	0.25
182	178	0.25
182	180	0.25
186	183	0.125
186	184	0.125
187	183	0.125
187	184	0.125
187	186	0.125
188	183	0.125
188	186	0.125
189	187	0.125
190	183	0.125
190	186	0.125
191	184	0.125
191	185	0.125
191	187	0.125
191	188	0.125
191	189	0.125
192	16	0.5
193	192	0.5
197	32	0.33333
197	196	0.33333
200	93	1.0
203	106	0.5
204	15	0.5
205	20	0.8333299999999999
206	73	0.25
206	74	0.25
207	206	0.25
208	39	1.0
213	6	0.2
213	3	0.2
213	2	0.2
214	3	0.2
219	217	0.33333
219	218	0.33333
219	13	0.33333
223	100	0.78571
223	102	0.14286
224	223	0.14286
224	113	0.14286
225	103	0.14286
225	223	0.14286
226	103	0.14286
226	223	0.14286
226	225	0.14286
226	113	0.14286
227	103	0.14286
227	223	0.14286
227	225	0.14286
228	100	0.14286
228	101	0.14286
229	100	0.14286
229	101	0.14286
229	102	0.14286
230	229	0.14286
233	231	0.33333
233	232	0.33333
235	48	0.25
238	237	0.25
241	63	0.5
243	242	0.5
244	242	0.5
244	243	0.5
246	245	1.0
249	2	0.25
254	253	0.5
254	55	0.5
256	255	0.5
263	262	1.0
264	61	0.25
266	265	0.25
266	61	0.25
267	264	0.25
267	265	0.25
270	60	0.5
274	273	0.5
275	89	0.8333299999999999
276	223	0.33333
276	103	0.33333
281	280	0.5
282	280	0.5
282	281	0.5
283	54	0.33333
285	284	0.33333
287	286	0.33333
288	97	1.0
293	292	0.75
294	292	0.25
294	95	0.25
295	95	0.25
296	85	0.2
296	36	0.2
298	86	0.33333
299	86	0.33333
299	298	0.33333
304	302	0.25
304	303	0.25
305	303	0.25
305	304	0.25
308	307	0.5
309	307	0.5
310	54	0.25
313	115	0.5
315	115	1.0
317	115	0.2
317	316	0.2
317	114	0.2
318	115	0.2
319	317	0.2
324	322	0.25
325	323	0.25
325	5	0.25
326	322	0.25
326	324	0.25
329	328	1.0
333	332	0.5
335	334	1.0
339	338	0.5
340	338	0.5
346	65	1.0
347	34	0.33333
348	34	0.5
349	34	0.5
350	245	1.0
351	83	1.0
352	54	0.5
355	354	0.25
356	354	0.25
356	355	0.25
357	354	0.25
357	356	0.25
357	51	0.25
360	67	0.33333
361	360	1.0
361	142	0.33333
365	57	0.33333
366	4	0.33333
366	57	0.33333
369	368	0.25
370	369	0.25
372	107	0.2
372	37	0.2
372	106	0.2
373	37	0.2
373	106	0.2
375	374	1.0
382	381	0.5
385	23	0.5
391	389	0.5
392	26	0.14286
392	50	0.14286
393	177	0.14286
393	82	0.14286
394	392	0.14286
394	393	0.14286
394	82	0.14286
395	393	0.14286
395	50	0.14286
395	394	0.14286
396	42	1.0
399	397	0.25
400	399	0.25
401	398	0.25
402	56	0.16667
404	403	0.16667
404	45	0.16667
405	403	0.16667
405	45	0.16667
405	404	0.16667
406	45	0.16667
406	404	0.16667
406	56	0.16667
406	405	0.16667
407	62	0.5
409	361	0.33333
409	362	0.33333
412	411	0.25
413	411	0.25
415	40	0.33333
419	418	0.33333
420	418	0.33333
421	418	0.33333
423	422	0.5
429	427	0.38597
429	428	0.38597
430	428	0.052632
431	427	0.052632
431	428	0.052632
432	427	0.052632
432	429	0.052632
433	427	0.052632
433	78	0.052632
433	430	0.052632
434	427	0.052632
434	430	0.052632
434	432	0.052632
435	429	0.052632
435	430	0.052632
435	431	0.052632
435	433	0.052632
436	428	0.052632
436	432	0.052632
437	78	0.052632
437	435	0.052632
437	436	0.052632
438	78	0.052632
438	429	0.052632
438	437	0.052632
439	433	0.052632
439	435	0.052632
439	436	0.052632
439	437	0.052632
440	427	0.052632
440	433	0.052632
440	435	0.052632
440	436	0.052632
440	438	0.052632
440	439	0.052632
441	429	0.052632
441	432	0.052632
441	433	0.052632
441	436	0.052632
442	427	0.052632
442	429	0.052632
442	432	0.052632
442	435	0.052632
442	437	0.052632
442	440	0.052632
442	441	0.052632
443	78	0.052632
443	428	0.052632
443	431	0.052632
443	434	0.052632
443	436	0.052632
443	439	0.052632
444	429	0.052632
444	430	0.052632
444	436	0.052632
444	437	0.052632
444	439	0.052632
444	442	0.052632
444	443	0.052632
445	427	0.052632
445	78	0.052632
445	428	0.052632
445	429	0.052632
445	430	0.052632
445	436	0.052632
445	438	0.052632
445	440	0.052632
448	447	1.0
449	34	0.5
450	25	1.0
452	83	1.0
459	8	0.5
460	37	0.2
462	461	0.2
462	96	0.2
462	37	0.2
463	96	0.2
463	462	0.2
464	325	0.25
466	325	0.25
469	467	0.5
478	477	0.5
478	15	0.5
481	480	0.5
483	482	1.0
485	484	0.5
485	176	0.5
487	486	1.0
493	14	1.0
495	494	0.25
495	28	0.25
496	494	0.25
497	494	0.25
497	496	0.25
500	498	0.2
500	499	0.2
501	500	0.2
502	501	0.2
503	502	0.2
505	504	0.5
506	504	0.5
509	155	0.33333
509	508	0.33333
510	509	0.33333
511	29	0.25
513	29	0.25
515	514	1.0
518	2	0.5
522	69	0.2
524	69	0.2
525	95	1.0
530	488	0.25
531	529	0.25
531	488	0.25
533	532	1.0
536	534	0.33333
536	535	0.33333
537	535	0.33333
538	41	1.0
539	3	0.8333299999999999
541	37	0.33333
546	81	0.33333
547	177	0.33333
548	547	0.33333
548	26	0.33333
550	549	0.14286
551	9	0.14286
552	550	0.14286
552	551	0.14286
552	9	0.14286
553	549	0.14286
553	552	0.14286
554	549	0.14286
554	10	0.14286
556	555	1.0
557	49	0.2
558	49	0.2
558	77	0.2
560	557	0.2
564	563	0.33333
565	563	0.33333
568	567	1.0
572	571	1.0
574	66	0.5
574	12	0.5
119	118	1.0
133	130	0.33333
146	140	0.125
146	142	0.125
148	145	0.125
159	31	0.33333
166	165	1.0
182	181	0.25
189	184	0.125
191	183	0.125
204	20	0.5
205	34	0.8333299999999999
207	75	0.25
211	209	0.5
218	217	0.33333
226	100	0.14286
227	100	0.14286
249	248	0.25
292	95	0.75
303	302	0.25
309	308	0.5
324	323	0.25
353	352	0.5
360	87	0.33333
393	26	0.14286
403	56	0.16667
437	428	0.052632
437	429	0.052632
440	437	0.052632
449	35	0.5
463	461	0.2
469	468	0.5
491	490	1.0
507	498	0.5
513	512	0.25
513	104	0.25
517	516	1.0
520	519	1.0
535	534	0.33333
540	539	0.33333
558	557	0.2
570	569	1.0
