120	34	2.0
122	121	0.5
122	11	0.5
124	64	0.5
126	21	0.5
128	58	0.33333
128	111	0.33333
129	111	0.8333299999999999
131	130	0.33333
133	131	0.33333
133	132	0.33333
136	134	0.5
136	135	0.5
138	137	0.5
139	137	0.5
139	138	0.5
141	140	0.125
142	141	0.125
143	140	0.125
143	142	0.125
144	140	0.125
144	141	0.125
144	142	0.125
145	144	0.125
146	143	0.125
146	144	0.125
147	141	0.125
147	142	0.125
147	143	0.125
147	144	0.125
148	146	0.125
148	147	0.125
153	151	0.25
153	152	0.25
154	153	0.25
155	151	0.25
155	153	0.25
156	13	0.5
159	55	0.33333
160	159	0.33333
162	161	1.0
163	110	1.0
164	3	0.5
169	109	0.58333
170	169	0.25
170	109	0.25
171	109	0.25
172	169	0.33333
176	175	1.0
177	27	0.33333
177	26	2.1429
182	179	0.25
184	183	0.125
185	183	0.125
185	184	0.125
186	183	0.125
186	184	0.125
187	183	0.125
187	184	0.125
187	185	0.125
187	186	0.125
188	183	0.125
189	183	0.125
189	186	0.125
189	187	0.125
189	188	0.125
190	183	0.125
190	184	0.125
190	186	0.125
190	187	0.125
190	189	0.125
192	16	0.5
193	16	0.5
193	192	0.5
196	33	0.33333
200	93	1.0
201	13	1.0
203	106	0.5
204	15	0.5
205	20	0.8333299999999999
206	74	0.25
206	75	0.25
207	73	0.25
207	74	0.25
208	39	1.0
212	45	0.5
212	46	0.5
213	3	0.2
213	2	0.2
214	213	0.2
214	6	0.2
214	3	0.2
217	13	0.33333
219	218	0.33333
219	13	0.33333
221	220	0.5
222	220	0.5
222	221	0.5
223	103	1.1191
223	113	0.14286
223	101	0.14286
223	102	0.14286
224	100	0.14286
224	113	0.14286
225	100	0.14286
225	223	0.14286
225	113	0.14286
226	223	0.14286
226	224	0.14286
226	225	0.14286
227	224	0.14286
227	226	0.14286
228	101	0.14286
228	102	0.14286
229	100	0.14286
229	103	0.14286
229	223	0.14286
229	101	0.14286
230	228	0.14286
230	229	0.14286
232	231	0.33333
233	232	0.33333
234	231	0.33333
234	232	0.33333
234	233	0.33333
235	48	0.25
236	235	0.25
237	48	0.25
238	236	0.25
241	63	0.5
241	20	0.5
244	242	0.5
246	245	1.0
247	245	1.0
248	19	0.25
249	2	0.25
252	251	1.0
256	60	0.5
261	260	1.0
264	61	0.25
265	61	0.25
266	264	0.25
266	61	0.25
267	266	0.25
267	61	0.25
271	270	0.5
274	272	1.5
274	273	0.5
275	89	0.8333299999999999
275	17	0.8333299999999999
276	223	0.33333
277	223	0.33333
277	276	0.33333
279	278	1.0
281	280	0.5
282	280	0.5
285	284	0.33333
286	285	0.33333
289	43	0.5
290	108	0.5
291	108	0.5
293	95	0.75
294	292	0.25
294	293	0.25
294	95	0.25
295	292	0.25
295	95	0.25
296	85	0.2
296	84	0.2
296	36	0.2
297	86	0.33333
298	86	0.33333
299	298	0.33333
301	177	0.33333
301	26	0.33333
304	302	0.25
305	302	0.25
306	302	0.25
306	304	0.25
310	52	0.25
310	53	0.25
310	2	0.25
310	54	0.25
317	115	0.2
317	316	0.2
318	115	0.2
319	115	0.2
319	316	0.2
319	318	0.2
319	114	0.2
324	322	0.25
325	322	0.25
325	323	0.25
325	5	0.25
326	322	0.25
326	325	0.25
327	99	1.0
343	341	0.33333
344	341	0.33333
344	342	0.33333
347	34	0.33333
347	205	0.33333
355	354	0.25
356	51	0.25
357	354	0.25
357	355	0.25
359	358	1.0
360	67	0.33333
360	106	1.0
361	142	0.33333
362	360	1.0
363	360	1.0
365	4	1.3333
366	4	0.33333
369	302	0.25
370	368	0.25
371	368	0.25
371	369	0.25
371	370	0.25
372	37	0.2
373	372	0.2
375	374	1.0
380	379	0.5
381	309	0.5
382	381	0.5
383	66	0.5
383	12	0.5
385	384	0.5
388	47	1.5
390	389	0.5
391	389	0.5
391	390	0.5
392	177	0.14286
392	50	0.14286
393	392	0.14286
393	50	0.14286
393	82	0.14286
394	82	0.14286
395	177	0.14286
395	393	0.14286
395	26	0.14286
395	394	0.14286
395	82	0.14286
398	397	0.25
400	399	0.25
401	398	0.25
401	400	0.25
402	56	0.16667
404	403	0.16667
404	45	0.16667
404	56	0.16667
405	402	0.16667
405	403	0.16667
405	45	0.16667
405	404	0.16667
406	402	0.16667
406	403	0.16667
406	56	0.16667
411	22	0.25
411	192	0.25
412	22	0.25
412	411	0.25
413	412	0.25
414	40	0.33333
414	116	0.33333
415	40	0.33333
416	105	1.0
417	342	1.0
419	418	0.33333
420	418	0.33333
421	419	0.33333
425	424	0.5
426	424	0.5
429	427	0.38597
430	427	0.052632
430	429	0.052632
431	429	0.052632
432	78	0.052632
432	428	0.052632
432	430	0.052632
433	427	0.052632
433	78	0.052632
433	428	0.052632
433	429	0.052632
433	430	0.052632
433	431	0.052632
434	78	0.052632
434	429	0.052632
434	430	0.052632
434	432	0.052632
434	433	0.052632
435	429	0.052632
435	430	0.052632
435	434	0.052632
436	427	0.052632
436	428	0.052632
436	429	0.052632
436	430	0.052632
436	431	0.052632
436	434	0.052632
436	435	0.052632
437	427	0.052632
437	432	0.052632
437	433	0.052632
437	436	0.052632
438	427	0.052632
438	78	0.052632
438	428	0.052632
438	429	0.052632
438	430	0.052632
438	433	0.052632
438	436	0.052632
438	437	0.052632
439	429	0.052632
439	430	0.052632
439	431	0.052632
439	434	0.052632
439	435	0.052632
439	436	0.052632
439	438	0.052632
440	427	0.052632
440	428	0.052632
440	432	0.052632
440	433	0.052632
440	435	0.052632
440	438	0.052632
440	439	0.052632
441	428	0.052632
441	429	0.052632
441	433	0.052632
441	434	0.052632
441	437	0.052632
441	440	0.052632
442	427	0.052632
442	428	0.052632
442	429	0.052632
442	431	0.052632
442	432	0.052632
442	435	0.052632
442	436	0.052632
442	437	0.052632
442	441	0.052632
443	427	0.052632
443	428	0.052632
443	430	0.052632
443	431	0.052632
443	432	0.052632
443	433	0.052632
443	435	0.052632
443	438	0.052632
443	439	0.052632
443	441	0.052632
443	442	0.052632
444	428	0.052632
444	432	0.052632
444	436	0.052632
444	437	0.052632
444	438	0.052632
444	439	0.052632
444	440	0.052632
445	427	0.052632
445	78	0.052632
445	434	0.052632
445	440	0.052632
445	443	0.052632
448	447	1.0
450	25	1.0
452	83	1.0
456	455	0.33333
458	65	0.33333
458	18	0.33333
458	21	0.33333
459	7	0.5
461	96	0.2
461	37	0.2
462	461	0.2
462	96	0.2
462	37	0.2
463	96	0.2
463	462	0.2
463	37	0.2
464	5	0.25
464	325	0.25
465	5	0.25
465	325	0.25
466	5	0.25
466	325	0.25
471	470	0.5
472	470	0.5
476	475	1.0
478	477	0.5
480	479	0.5
484	176	0.5
485	176	0.5
489	488	1.0
492	38	1.0
496	494	0.25
497	494	0.25
497	495	0.25
498	113	0.5
500	498	0.2
500	499	0.2
501	500	0.2
502	498	0.2
502	501	0.2
503	500	0.2
503	502	0.2
506	505	0.5
507	113	0.5
509	508	0.33333
510	155	0.33333
510	508	0.33333
521	1	1.0
522	71	0.2
522	69	0.2
524	523	0.2
524	70	0.2
530	488	0.25
530	486	0.25
531	529	0.25
531	488	0.25
531	486	0.25
533	532	1.0
537	534	0.33333
537	535	0.33333
539	3	0.8333299999999999
539	2	1.3333
540	3	0.33333
541	37	0.33333
542	541	0.33333
543	37	0.33333
544	81	0.33333
545	81	0.33333
547	177	0.33333
547	26	0.33333
548	547	0.33333
548	26	0.33333
550	549	0.14286
550	10	0.14286
551	549	0.14286
552	551	0.14286
552	9	0.14286
553	549	0.14286
553	551	0.14286
553	10	0.14286
553	9	0.14286
554	550	0.14286
554	551	0.14286
554	553	0.14286
554	10	0.14286
554	9	0.14286
557	49	0.2
559	49	0.2
559	557	0.2
559	558	0.2
560	49	0.2
560	558	0.2
560	559	0.2
561	92	0.5
564	562	0.33333
565	564	0.33333
129	112	0.33333
132	130	0.33333
133	130	0.33333
146	142	0.125
148	143	0.125
148	145	0.125
159	31	0.33333
164	91	0.33333
168	167	1.0
179	178	0.25
189	184	0.125
191	183	0.125
199	198	1.0
205	34	0.8333299999999999
211	209	0.5
218	13	0.33333
227	100	0.14286
237	236	0.25
248	6	0.25
249	248	0.25
271	60	0.5
283	52	0.33333
296	37	0.7
300	26	0.33333
309	308	0.5
353	352	0.5
353	54	0.5
370	302	0.25
387	386	1.0
393	26	0.14286
402	45	0.16667
403	402	0.16667
415	116	0.33333
429	78	0.052632
440	431	0.052632
442	78	0.052632
442	433	0.052632
442	438	0.052632
445	432	0.052632
445	441	0.052632
446	428	0.33333
463	461	0.2
466	464	0.25
473	24	0.5
474	24	0.5
491	490	1.0
497	28	0.25
512	104	0.25
529	486	0.25
535	534	0.33333
543	541	0.33333
558	557	0.2
570	569	1.0
